-10 0.544021 0.544021 0.544021 0.544021 0.544021
-9.96 0.510032 0.510076 0.50597 0.506129 0.504185
-9.92 0.475227 0.475301 0.46847 0.467927 0.464364
-9.88 0.439662 0.439755 0.431552 0.429453 0.424576
-9.84 0.403393 0.403497 0.395243 0.390743 0.384837
-9.8 0.366479 0.366587 0.359571 0.351836 0.345162
-9.76 0.328979 0.329087 0.324562 0.312769 0.305567
-9.72 0.290953 0.291056 0.290238 0.273579 0.266069
-9.68 0.252461 0.252558 0.256624 0.234305 0.226684
-9.64 0.213565 0.213654 0.223738 0.194983 0.187427
-9.6 0.174327 0.174408 0.191601 0.155651 0.148316
-9.56 0.134811 0.134882 0.160232 0.116347 0.109366
-9.52 0.0950787 0.0951413 0.129645 0.0771086 0.070593
-9.48 0.0551935 0.0552473 0.0998571 0.0379717 0.0320126
-9.44 0.015221 0.0152665 0.0708824 -0.001024 -0.00635751
-9.4 -0.0247758 -0.0247381 0.0427328 -0.0398418 -0.044502
-9.36 -0.064733 -0.0647024 0.0154198 -0.0784443 -0.0824048
-9.32 -0.104587 -0.104562 -0.0110468 -0.116794 -0.12005
-9.28 -0.144273 -0.144254 -0.0366584 -0.154853 -0.157421
-9.24 -0.183729 -0.183714 -0.0614075 -0.192584 -0.194502
-9.2 -0.22289 -0.22288 -0.0852879 -0.22995 -0.231277
-9.16 -0.261695 -0.261689 -0.108295 -0.266912 -0.267729
-9.12 -0.300081 -0.300078 -0.130424 -0.303434 -0.303843
-9.08 -0.337988 -0.337986 -0.151673 -0.339478 -0.339603
-9.04 -0.375353 -0.375354 -0.17204 -0.375006 -0.374992
-9 -0.412118 -0.41212 -0.191525 -0.409981 -0.409983
-8.96 -0.448224 -0.448227 -0.210128 -0.444366 -0.444522
-8.92 -0.483613 -0.483616 -0.22785 -0.478122 -0.478553
-8.88 -0.518228 -0.518232 -0.244696 -0.511212 -0.512018
-8.84 -0.552014 -0.552018 -0.260667 -0.543599 -0.544861
-8.8 -0.584917 -0.584921 -0.275768 -0.575245 -0.577024
-8.76 -0.616884 -0.616888 -0.290005 -0.606113 -0.60845
-8.72 -0.647865 -0.647868 -0.303384 -0.636165 -0.639082
-8.68 -0.677808 -0.677812 -0.315912 -0.665363 -0.668864
-8.64 -0.706668 -0.706671 -0.327597 -0.693671 -0.697737
-8.6 -0.734397 -0.7344 -0.338448 -0.721049 -0.725646
-8.56 -0.760951 -0.760954 -0.348475 -0.747462 -0.752533
-8.52 -0.786288 -0.78629 -0.357686 -0.772871 -0.778341
-8.48 -0.810367 -0.810369 -0.366094 -0.79724 -0.803014
-8.44 -0.83315 -0.833151 -0.373711 -0.820529 -0.826493
-8.4 -0.854599 -0.854601 -0.380546 -0.842702 -0.848722
-8.36 -0.874681 -0.874683 -0.386616 -0.863722 -0.869644
-8.32 -0.893365 -0.893365 -0.391932 -0.88355 -0.889202
-8.28 -0.910618 -0.910619 -0.396508 -0.902149 -0.907339
-8.24 -0.926416 -0.926416 -0.40036 -0.919482 -0.923998
-8.2 -0.940731 -0.940731 -0.403501 -0.935511 -0.939121
-8.16 -0.953541 -0.953541 -0.405948 -0.950199 -0.952653
-8.12 -0.964825 -0.964825 -0.407716 -0.963507 -0.964535
-8.08 -0.974566 -0.974566 -0.408822 -0.9754 -0.974711
-8.04 -0.982748 -0.982749 -0.409283 -0.985838 -0.983156
-8 -0.989358 -0.989358 -0.409115 -0.994784 -0.989886
-7.96 -0.994385 -0.994385 -0.408336 -1.0022 -0.994919
-7.92 -0.997822 -0.997821 -0.406964 -1.00805 -0.998275
-7.88 -0.999662 -0.999661 -0.405015 -1.0123 -0.999973
-7.84 -0.999902 -0.999902 -0.402511 -1.0149 -1.00003
-7.8 -0.998543 -0.998543 -0.399466 -1.01583 -0.998471
-7.76 -0.995587 -0.995587 -0.395903 -1.01504 -0.995309
-7.72 -0.991038 -0.991038 -0.391837 -1.01249 -0.990565
-7.68 -0.984903 -0.984903 -0.38729 -1.00816 -0.984257
-7.64 -0.977193 -0.977193 -0.382279 -1.00199 -0.976406
-7.6 -0.96792 -0.96792 -0.376824 -0.993958 -0.96703
-7.56 -0.957098 -0.957098 -0.370944 -0.98402 -0.956148
-7.52 -0.944745 -0.944745 -0.364658 -0.972141 -0.943779
-7.48 -0.93088 -0.93088 -0.357986 -0.958281 -0.929943
-7.44 -0.915526 -0.915527 -0.350947 -0.942405 -0.914657
-7.4 -0.898708 -0.898708 -0.34356 -0.924474 -0.897942
-7.36 -0.880452 -0.880452 -0.335846 -0.904451 -0.879817
-7.32 -0.860787 -0.860788 -0.327821 -0.882299 -0.8603
-7.28 -0.839746 -0.839746 -0.319507 -0.857979 -0.83941
-7.24 -0.81736 -0.817361 -0.310921 -0.831454 -0.817166
-7.2 -0.793668 -0.793668 -0.302084 -0.802688 -0.793588
-7.16 -0.768705 -0.768705 -0.293013 -0.771641 -0.768695
-7.12 -0.742513 -0.742513 -0.283728 -0.74132 -0.742506
-7.08 -0.715133 -0.715133 -0.274245 -0.712016 -0.715065
-7.04 -0.686609 -0.686609 -0.264586 -0.68178 -0.68643
-7 -0.656987 -0.656986 -0.254766 -0.650659 -0.656663
-6.96 -0.626313 -0.626313 -0.244804 -0.618702 -0.625825
-6.92 -0.594638 -0.594638 -0.234717 -0.585957 -0.593975
-6.88 -0.562011 -0.562011 -0.224523 -0.552472 -0.561174
-6.84 -0.528485 -0.528485 -0.214239 -0.518296 -0.527484
-6.8 -0.494114 -0.494113 -0.203882 -0.483475 -0.492964
-6.76 -0.458952 -0.458952 -0.193468 -0.448059 -0.457675
-6.72 -0.423055 -0.423055 -0.183013 -0.412095 -0.421678
-6.68 -0.386482 -0.386482 -0.172534 -0.375632 -0.385034
-6.64 -0.349291 -0.349291 -0.162045 -0.338717 -0.347803
-6.6 -0.311541 -0.311541 -0.151562 -0.301399 -0.310045
-6.56 -0.273293 -0.273293 -0.1411 -0.263726 -0.271822
-6.52 -0.234607 -0.234607 -0.130674 -0.225746 -0.233193
-6.48 -0.195547 -0.195546 -0.120297 -0.187507 -0.19422
-6.44 -0.156173 -0.156173 -0.109983 -0.149057 -0.154964
-6.4 -0.116549 -0.116549 -0.0997458 -0.110445 -0.115483
-6.36 -0.0767393 -0.0767392 -0.0895983 -0.0717172 -0.0758406
-6.32 -0.0368065 -0.0368064 -0.0795529 -0.0329232 -0.0360958
-6.28 0.00318509 0.0031851 -0.0696219 0.00588929 0.00369051
-6.24 0.0431721 0.0431722 -0.0598168 0.0446726 0.0434582
-6.2 0.0830896 0.0830897 -0.0501493 0.0833778 0.0831456
-6.16 0.122874 0.122874 -0.0406301 0.121957 0.122693
-6.12 0.162462 0.162462 -0.0312698 0.160363 0.162043
-6.08 0.20179 0.20179 -0.0220784 0.198546 0.201139
-6.04 0.240795 0.240795 -0.0130655 0.236459 0.239925
-6 0.279415 0.279415 -0.00424039 0.274054 0.278345
-5.96 0.317589 0.317588 0.00438828 0.311283 0.316342
-5.92 0.355253 0.355253 0.0128122 0.348098 0.353861
-5.88 0.39235 0.39235 0.0210234 0.38445 0.390846
-5.84 0.428819 0.428819 0.0290146 0.420291 0.427239
-5.8 0.464602 0.464602 0.0367787 0.455574 0.462985
-5.76 0.499642 0.499642 0.0443091 0.49025 0.498028
-5.72 0.533882 0.533883 0.0516 0.524271 0.532312
-5.68 0.567269 0.567269 0.0586453 0.557589 0.565779
-5.64 0.599747 0.599747 0.06544 0.590156 0.598375
-5.6 0.631267 0.631267 0.0719793 0.621924 0.630043
-5.56 0.661776 0.661776 0.0782589 0.652844 0.660726
-5.52 0.691227 0.691227 0.0842749 0.682869 0.690369
-5.48 0.719572 0.719572 0.0900235 0.711951 0.718915
-5.44 0.746765 0.746765 0.095502 0.740041 0.746309
-5.4 0.772764 0.772764 0.100707 0.767091 0.772493
-5.36 0.797527 0.797527 0.105638 0.793054 0.797412
-5.32 0.821014 0.821014 0.110291 0.817881 0.82101
-5.28 0.843188 0.843187 0.114666 0.841523 0.84323
-5.24 0.864012 0.864013 0.118762 0.863934 0.864017
-5.2 0.883455 0.883455 0.122578 0.885065 0.883321
-5.16 0.901484 0.901484 0.126113 0.904867 0.901129
-5.12 0.91807 0.91807 0.129368 0.923293 0.917438
-5.08 0.933189 0.933189 0.132343 0.940294 0.932245
-5.04 0.946814 0.946814 0.13504 0.955823 0.945547
-5 0.958924 0.958924 0.137459 0.969831 0.95734
-4.96 0.969501 0.969502 0.139603 0.982271 0.967621
-4.92 0.978526 0.978527 0.141472 0.993093 0.976388
-4.88 0.985986 0.985987 0.14307 1.00225 0.983636
-4.84 0.991869 0.991868 0.144398 1.0097 0.989362
-4.8 0.996165 0.996164 0.145461 1.01538 0.993564
-4.76 0.998867 0.998868 0.146261 1.01925 0.996238
-4.72 0.999971 0.999972 0.146801 1.02127 0.997381
-4.68 0.999476 0.999476 0.147085 1.02138 0.996989
-4.64 0.997381 0.997381 0.147119 1.01954 0.99506
-4.6 0.993691 0.993692 0.146905 1.0157 0.99159
-4.56 0.988411 0.988412 0.146449 1.0098 0.986577
-4.52 0.98155 0.981549 0.145755 1.00181 0.980016
-4.48 0.973119 0.973119 0.144829 0.991674 0.971904
-4.44 0.963131 0.963131 0.143676 0.979342 0.962239
-4.4 0.951602 0.951603 0.142302 0.964769 0.951017
-4.36 0.938551 0.93855 0.140712 0.947905 0.938235
-4.32 0.923998 0.923999 0.138913 0.928703 0.92389
-4.28 0.907967 0.907968 0.13691 0.907972 0.907978
-4.24 0.890484 0.890484 0.134711 0.890452 0.89051
-4.2 0.871576 0.871575 0.132322 0.871409 0.871532
-4.16 0.851273 0.851273 0.129749 0.850895 0.851097
-4.12 0.829609 0.829609 0.126999 0.828966 0.829257
-4.08 0.806618 0.806619 0.124079 0.805677 0.806062
-4.04 0.782336 0.782335 0.120997 0.781083 0.781567
-4 0.756802 0.756803 0.11776 0.755238 0.755822
-3.96 0.730058 0.730058 0.114375 0.728198 0.728881
-3.92 0.702146 0.702147 0.11085 0.700016 0.700794
-3.88 0.673111 0.673112 0.107192 0.670748 0.671615
-3.84 0.642999 0.642998 0.103409 0.640449 0.641394
-3.8 0.611858 0.611859 0.099508 0.609172 0.610185
-3.76 0.579738 0.579738 0.0954976 0.576975 0.57804
-3.72 0.546691 0.546692 0.0913854 0.54391 0.54501
-3.68 0.512769 0.512769 0.0871792 0.510033 0.511148
-3.64 0.478027 0.478026 0.0828869 0.475398 0.476505
-3.6 0.44252 0.442521 0.0785161 0.440061 0.441134
-3.56 0.406306 0.406305 0.074075 0.404076 0.405087
-3.52 0.369441 0.369441 0.0695714 0.367497 0.368417
-3.48 0.331985 0.331984 0.0650132 0.330381 0.331174
-3.44 0.293998 0.294 0.0604079 0.292781 0.293412
-3.4 0.255541 0.255539 0.0557639 0.254753 0.255182
-3.36 0.216675 0.216675 0.0510884 0.21635 0.216537
-3.32 0.177462 0.177461 0.0463894 0.177629 0.177528
-3.28 0.137966 0.137964 0.0416745 0.138643 0.138212
-3.24 0.0982486 0.0982489 0.0369512 0.0994476 0.0986531
-3.2 0.0583742 0.0583756 0.0322269 0.0600977 0.0589139
-3.16 0.0184064 0.0184068 0.0275093 0.0206479 0.0190585
-3.12 -0.0215911 -0.0215918 0.0228055 -0.0188473 -0.0208497
-3.08 -0.0615538 -0.0615528 0.0181226 -0.0583325 -0.0607464
-3.04 -0.101418 -0.101417 0.0134679 -0.0977532 -0.100568
-3 -0.14112 -0.141121 0.00884822 -0.137055 -0.140251
-2.96 -0.180596 -0.180595 0.0042705 -0.176182 -0.179732
-2.92 -0.219784 -0.219781 -0.000258642 -0.215081 -0.218947
-2.88 -0.258619 -0.258619 -0.00473265 -0.253695 -0.257832
-2.84 -0.297041 -0.297043 -0.0091451 -0.291972 -0.296323
-2.8 -0.334988 -0.33499 -0.0134897 -0.329855 -0.334357
-2.76 -0.372399 -0.372402 -0.0177603 -0.36729 -0.37187
-2.72 -0.409214 -0.409217 -0.0219512 -0.404222 -0.408798
-2.68 -0.445375 -0.445372 -0.0260564 -0.440596 -0.445077
-2.64 -0.480823 -0.480822 -0.0300706 -0.476358 -0.480645
-2.6 -0.515501 -0.515501 -0.0339882 -0.511453 -0.515436
-2.56 -0.549356 -0.549358 -0.0378041 -0.545826 -0.549388
-2.52 -0.582331 -0.582333 -0.0415133 -0.579422 -0.582436
-2.48 -0.614374 -0.614375 -0.0451109 -0.612186 -0.614518
-2.44 -0.645435 -0.645433 -0.0485925 -0.644064 -0.645568
-2.4 -0.675463 -0.675462 -0.0519536 -0.675 -0.675524
-2.36 -0.704411 -0.704408 -0.05519 -0.704941 -0.704323
-2.32 -0.732231 -0.73223 -0.0582978 -0.733831 -0.731922
-2.28 -0.758881 -0.758879 -0.0612733 -0.761615 -0.758299
-2.24 -0.784316 -0.784314 -0.0641129 -0.788238 -0.783433
-2.2 -0.808496 -0.808494 -0.0668134 -0.813647 -0.807301
-2.16 -0.831383 -0.831381 -0.0693716 -0.837785 -0.829883
-2.12 -0.852941 -0.85294 -0.0717848 -0.860599 -0.851155
-2.08 -0.873133 -0.873133 -0.0740503 -0.882033 -0.871097
-2.04 -0.891929 -0.891928 -0.0761658 -0.902032 -0.889687
-2 -0.909297 -0.909297 -0.0781292 -0.920543 -0.906902
-1.96 -0.925211 -0.925214 -0.0799384 -0.937509 -0.922721
-1.92 -0.939645 -0.939649 -0.0815919 -0.952877 -0.937123
-1.88 -0.952576 -0.952577 -0.0830882 -0.966591 -0.950085
-1.84 -0.963983 -0.963986 -0.0844262 -0.978597 -0.961587
-1.8 -0.973848 -0.973849 -0.0856049 -0.988839 -0.971605
-1.76 -0.982154 -0.982161 -0.0866234 -0.997264 -0.980118
-1.72 -0.98889 -0.988889 -0.0874814 -1.00382 -0.987105
-1.68 -0.994043 -0.994048 -0.0881787 -1.00844 -0.992544
-1.64 -0.997606 -0.997616 -0.0887152 -1.01108 -0.996413
-1.6 -0.999574 -0.999576 -0.089091 -1.01169 -0.99869
-1.56 -0.999942 -0.999942 -0.0893066 -1.0102 -0.999353
-1.52 -0.99871 -0.998707 -0.0893627 -1.00656 -0.998382
-1.48 -0.995881 -0.995886 -0.0892603 -1.00073 -0.995753
-1.44 -0.991458 -0.991456 -0.0890004 -0.992637 -0.991445
-1.4 -0.98545 -0.985446 -0.0885842 -0.986926 -0.985441
-1.36 -0.977865 -0.977863 -0.0880134 -0.981051 -0.977757
-1.32 -0.968715 -0.968717 -0.0872899 -0.973234 -0.968433
-1.28 -0.958016 -0.958015 -0.0864156 -0.963533 -0.957506
-1.24 -0.945784 -0.945783 -0.0853926 -0.952006 -0.945016
-1.2 -0.932039 -0.932038 -0.0842232 -0.938709 -0.931
-1.16 -0.916803 -0.916803 -0.0829102 -0.923699 -0.915497
-1.12 -0.9001 -0.900098 -0.0814565 -0.907033 -0.898546
-1.08 -0.881958 -0.881959 -0.0798648 -0.888769 -0.880185
-1.04 -0.862404 -0.862403 -0.0781383 -0.868963 -0.860453
-1 -0.841471 -0.841466 -0.0762806 -0.847673 -0.839388
-0.96 -0.819192 -0.819191 -0.074295 -0.824956 -0.817028
-0.92 -0.795602 -0.795601 -0.0721853 -0.800869 -0.793413
-0.88 -0.770739 -0.770734 -0.0699553 -0.775468 -0.76858
-0.84 -0.744643 -0.744649 -0.0676091 -0.748812 -0.742568
-0.8 -0.717356 -0.717367 -0.0651507 -0.720956 -0.715416
-0.76 -0.688921 -0.688924 -0.0625848 -0.691959 -0.687162
-0.72 -0.659385 -0.659384 -0.0599156 -0.661877 -0.657844
-0.68 -0.628793 -0.628797 -0.0571478 -0.630768 -0.627502
-0.64 -0.597195 -0.597189 -0.054286 -0.598688 -0.596173
-0.6 -0.564642 -0.564638 -0.0513352 -0.565694 -0.563896
-0.56 -0.531186 -0.531188 -0.0483004 -0.531844 -0.530709
-0.52 -0.49688 -0.49687 -0.0451867 -0.497195 -0.496652
-0.48 -0.461779 -0.461767 -0.0419991 -0.461804 -0.461762
-0.44 -0.425939 -0.425943 -0.0387432 -0.425728 -0.426081
-0.4 -0.389418 -0.389413 -0.0354242 -0.389023 -0.38967
-0.36 -0.352274 -0.352273 -0.0320476 -0.351748 -0.352595
-0.32 -0.314567 -0.314562 -0.028619 -0.313959 -0.314923
-0.28 -0.276356 -0.276348 -0.0251439 -0.275713 -0.276719
-0.24 -0.237703 -0.237697 -0.0216279 -0.237068 -0.238051
-0.2 -0.198669 -0.198666 -0.0180771 -0.19808 -0.198984
-0.16 -0.159318 -0.159328 -0.0144969 -0.158806 -0.159586
-0.12 -0.119712 -0.119714 -0.0108933 -0.119305 -0.119922
-0.08 -0.0799147 -0.0799227 -0.007272 -0.0796316 -0.0800585
-0.04 -0.0399893 -0.0399964 -0.00363892 -0.0398443 -0.0400624
0 0 -6.43836e-06 7.38191e-09 -4.09782e-08 5.63158e-10
0.04 0.0399893 0.0399863 0.00363888 0.0398443 0.0400625
0.08 0.0799147 0.0799375 0.00727198 0.0796316 0.0800586
0.12 0.119712 0.119705 0.0108932 0.119305 0.119922
0.16 0.159318 0.159325 0.0144969 0.158806 0.159586
0.2 0.198669 0.198662 0.0180771 0.19808 0.198985
0.24 0.237703 0.237699 0.021628 0.237068 0.238051
0.28 0.276356 0.276358 0.0251438 0.275713 0.276719
0.32 0.314567 0.314564 0.0286189 0.313959 0.314923
0.36 0.352274 0.352272 0.0320476 0.351748 0.352595
0.4 0.389418 0.389416 0.0354242 0.389023 0.38967
0.44 0.425939 0.425945 0.0387432 0.425728 0.426081
0.48 0.461779 0.461763 0.0419991 0.461804 0.461762
0.52 0.49688 0.496868 0.0451867 0.497195 0.496652
0.56 0.531186 0.531196 0.0483004 0.531844 0.530709
0.6 0.564642 0.564642 0.0513352 0.565694 0.563896
0.64 0.597195 0.597232 0.054286 0.598688 0.596173
0.68 0.628793 0.628771 0.0571477 0.630768 0.627502
0.72 0.659385 0.659382 0.0599156 0.661877 0.657844
0.76 0.688921 0.688937 0.0625848 0.691959 0.687162
0.8 0.717356 0.717353 0.0651508 0.720956 0.715416
0.84 0.744643 0.744632 0.0676091 0.748811 0.742568
0.88 0.770739 0.770753 0.0699553 0.775468 0.76858
0.92 0.795602 0.795627 0.0721853 0.800869 0.793413
0.96 0.819192 0.81918 0.074295 0.824956 0.817028
1 0.841471 0.84148 0.0762806 0.847673 0.839388
1.04 0.862404 0.862395 0.0781384 0.868963 0.860453
1.08 0.881958 0.881942 0.0798648 0.888769 0.880185
1.12 0.9001 0.90013 0.0814565 0.907033 0.898546
1.16 0.916803 0.916829 0.0829103 0.923699 0.915497
1.2 0.932039 0.932079 0.0842232 0.938709 0.931
1.24 0.945784 0.945774 0.0853925 0.952006 0.945016
1.28 0.958016 0.957993 0.0864156 0.963533 0.957506
1.32 0.968715 0.968717 0.0872899 0.973234 0.968433
1.36 0.977865 0.977864 0.0880135 0.98105 0.977757
1.4 0.98545 0.985439 0.0885842 0.986926 0.985441
1.44 0.991458 0.991502 0.0890003 0.992637 0.991445
1.48 0.995881 0.995862 0.0892603 1.00073 0.995753
1.52 0.99871 0.998731 0.0893627 1.00656 0.998382
1.56 0.999942 0.999959 0.0893066 1.0102 0.999353
1.6 0.999574 0.999594 0.089091 1.01169 0.99869
1.64 0.997606 0.997565 0.0887152 1.01108 0.996413
1.68 0.994043 0.994107 0.0881787 1.00844 0.992544
1.72 0.98889 0.988911 0.0874815 1.00382 0.987105
1.76 0.982154 0.982171 0.0866235 0.997264 0.980118
1.8 0.973848 0.973812 0.0856049 0.988839 0.971605
1.84 0.963983 0.963988 0.0844262 0.978597 0.961587
1.88 0.952576 0.952607 0.0830883 0.966591 0.950085
1.92 0.939645 0.939642 0.0815919 0.952877 0.937123
1.96 0.925211 0.925187 0.0799384 0.937509 0.922721
2 0.909297 0.909301 0.0781291 0.920543 0.906902
2.04 0.891929 0.891874 0.0761658 0.902032 0.889687
2.08 0.873133 0.873116 0.0740503 0.882033 0.871097
2.12 0.852941 0.852909 0.0717848 0.860599 0.851155
2.16 0.831383 0.831425 0.0693717 0.837785 0.829883
2.2 0.808496 0.808489 0.0668134 0.813647 0.807301
2.24 0.784316 0.784358 0.0641129 0.788238 0.783433
2.28 0.758881 0.7589 0.0612733 0.761615 0.758299
2.32 0.732231 0.732283 0.0582978 0.733831 0.731922
2.36 0.704411 0.704399 0.0551901 0.704941 0.704323
2.4 0.675463 0.675486 0.0519536 0.675 0.675524
2.44 0.645435 0.64542 0.0485925 0.644064 0.645568
2.48 0.614374 0.614363 0.0451109 0.612186 0.614518
2.52 0.582331 0.582339 0.0415133 0.579422 0.582437
2.56 0.549356 0.549532 0.037804 0.545826 0.549388
2.6 0.515501 0.51551 0.0339882 0.511453 0.515436
2.64 0.480823 0.480832 0.0300705 0.476358 0.480645
2.68 0.445375 0.445428 0.0260565 0.440596 0.445077
2.72 0.409214 0.409227 0.0219512 0.404222 0.408798
2.76 0.372399 0.372368 0.0177603 0.36729 0.37187
2.8 0.334988 0.335011 0.0134897 0.329855 0.334357
2.84 0.297041 0.297021 0.00914501 0.291972 0.296323
2.88 0.258619 0.258725 0.00473264 0.253695 0.257832
2.92 0.219784 0.219716 0.000258587 0.21508 0.218947
2.96 0.180596 0.180595 -0.0042705 0.176182 0.179732
3 0.14112 0.14105 -0.00884818 0.137055 0.140251
3.04 0.101418 0.101343 -0.0134679 0.0977532 0.100568
3.08 0.0615538 0.0615073 -0.0181226 0.0583325 0.0607465
3.12 0.0215911 0.0216664 -0.0228055 0.0188473 0.0208498
3.16 -0.0184064 -0.0183705 -0.0275093 -0.0206478 -0.0190585
3.2 -0.0583742 -0.058319 -0.032227 -0.0600977 -0.0589139
3.24 -0.0982486 -0.0983227 -0.0369511 -0.0994476 -0.0986531
3.28 -0.137966 -0.137993 -0.0416744 -0.138643 -0.138212
3.32 -0.177462 -0.177471 -0.0463894 -0.177629 -0.177528
3.36 -0.216675 -0.216651 -0.0510884 -0.21635 -0.216537
3.4 -0.255541 -0.255521 -0.0557639 -0.254753 -0.255182
3.44 -0.293998 -0.294036 -0.060408 -0.292781 -0.293412
3.48 -0.331985 -0.33206 -0.0650132 -0.330381 -0.331174
3.52 -0.369441 -0.369484 -0.0695714 -0.367497 -0.368417
3.56 -0.406306 -0.406233 -0.074075 -0.404076 -0.405087
3.6 -0.44252 -0.442458 -0.0785161 -0.440061 -0.441134
3.64 -0.478027 -0.478075 -0.0828868 -0.475398 -0.476505
3.68 -0.512769 -0.512601 -0.0871792 -0.510033 -0.511147
3.72 -0.546691 -0.54683 -0.0913854 -0.54391 -0.54501
3.76 -0.579738 -0.579727 -0.0954977 -0.576975 -0.57804
3.8 -0.611858 -0.611781 -0.099508 -0.609172 -0.610185
3.84 -0.642999 -0.643004 -0.103409 -0.640449 -0.641394
3.88 -0.673111 -0.673179 -0.107192 -0.670748 -0.671615
3.92 -0.702146 -0.702234 -0.11085 -0.700016 -0.700794
3.96 -0.730058 -0.73004 -0.114375 -0.728198 -0.728881
4 -0.756802 -0.756897 -0.11776 -0.755238 -0.755822
4.04 -0.782336 -0.782289 -0.120997 -0.781083 -0.781567
4.08 -0.806618 -0.806601 -0.124079 -0.805677 -0.806062
4.12 -0.829609 -0.829737 -0.126999 -0.828966 -0.829256
4.16 -0.851273 -0.851529 -0.129749 -0.850895 -0.851097
4.2 -0.871576 -0.87173 -0.132322 -0.871409 -0.871532
4.24 -0.890484 -0.890513 -0.134711 -0.890453 -0.89051
4.28 -0.907967 -0.907765 -0.136911 -0.907972 -0.907978
4.32 -0.923998 -0.923929 -0.138913 -0.928703 -0.92389
4.36 -0.938551 -0.938227 -0.140712 -0.947905 -0.938235
4.4 -0.951602 -0.951744 -0.142302 -0.964769 -0.951017
4.44 -0.963131 -0.962784 -0.143676 -0.979342 -0.962239
4.48 -0.973119 -0.973043 -0.144829 -0.991674 -0.971904
4.52 -0.98155 -0.981633 -0.145755 -1.00181 -0.980016
4.56 -0.988411 -0.988338 -0.146449 -1.0098 -0.986577
4.6 -0.993691 -0.993731 -0.146905 -1.0157 -0.99159
4.64 -0.997381 -0.997333 -0.147119 -1.01954 -0.99506
4.68 -0.999476 -0.998995 -0.147085 -1.02138 -0.996989
4.72 -0.999971 -0.999902 -0.146801 -1.02127 -0.997381
4.76 -0.998867 -0.999457 -0.146261 -1.01925 -0.996238
4.8 -0.996165 -0.996127 -0.145461 -1.01538 -0.993564
4.84 -0.991869 -0.991946 -0.144398 -1.0097 -0.989362
4.88 -0.985986 -0.986405 -0.14307 -1.00225 -0.983636
4.92 -0.978526 -0.978572 -0.141472 -0.993093 -0.976388
4.96 -0.969501 -0.969682 -0.139603 -0.982271 -0.967621
5 -0.958924 -0.959112 -0.137459 -0.969831 -0.95734
5.04 -0.946814 -0.946683 -0.13504 -0.955823 -0.945547
5.08 -0.933189 -0.932966 -0.132343 -0.940294 -0.932245
5.12 -0.91807 -0.918114 -0.129368 -0.923293 -0.917438
5.16 -0.901484 -0.901596 -0.126113 -0.904867 -0.901129
5.2 -0.883455 -0.883293 -0.122578 -0.885065 -0.883321
5.24 -0.864012 -0.864904 -0.118762 -0.863934 -0.864017
5.28 -0.843188 -0.842932 -0.114666 -0.841523 -0.84323
5.32 -0.821014 -0.821109 -0.110291 -0.817881 -0.82101
5.36 -0.797527 -0.797258 -0.105638 -0.793054 -0.797412
5.4 -0.772764 -0.772574 -0.100708 -0.767091 -0.772493
5.44 -0.746765 -0.746122 -0.0955019 -0.740041 -0.746309
5.48 -0.719572 -0.719712 -0.0900235 -0.711951 -0.718915
5.52 -0.691227 -0.690617 -0.0842747 -0.682869 -0.690369
5.56 -0.661776 -0.661857 -0.078259 -0.652844 -0.660726
5.6 -0.631267 -0.631077 -0.0719794 -0.621924 -0.630043
5.64 -0.599747 -0.599233 -0.06544 -0.590156 -0.598375
5.68 -0.567269 -0.567092 -0.0586453 -0.557589 -0.565779
5.72 -0.533882 -0.532921 -0.0515999 -0.524271 -0.532312
5.76 -0.499642 -0.499931 -0.0443092 -0.49025 -0.498028
5.8 -0.464602 -0.465298 -0.0367786 -0.455574 -0.462985
5.84 -0.428819 -0.429016 -0.0290146 -0.420291 -0.427239
5.88 -0.39235 -0.392289 -0.0210234 -0.38445 -0.390846
5.92 -0.355253 -0.354625 -0.0128122 -0.348098 -0.353861
5.96 -0.317589 -0.317857 -0.00438839 -0.311283 -0.316342
6 -0.279415 -0.279728 0.00424047 -0.274055 -0.278345
6.04 -0.240795 -0.241593 0.0130655 -0.236459 -0.239925
6.08 -0.20179 -0.20136 0.0220785 -0.198546 -0.201139
6.12 -0.162462 -0.162511 0.0312698 -0.160363 -0.162043
6.16 -0.122874 -0.122044 0.04063 -0.121957 -0.122693
6.2 -0.0830896 -0.0832541 0.0501493 -0.0833778 -0.0831456
6.24 -0.0431721 -0.0431812 0.0598167 -0.0446726 -0.0434581
6.28 -0.00318509 -0.00305384 0.0696218 -0.00588929 -0.00369046
6.32 0.0368065 0.0370114 0.0795528 0.0329232 0.0360959
6.36 0.0767393 0.0779695 0.0895983 0.0717172 0.0758407
6.4 0.116549 0.116982 0.0997458 0.110445 0.115484
6.44 0.156173 0.156602 0.109983 0.149057 0.154964
6.48 0.195547 0.195494 0.120297 0.187507 0.19422
6.52 0.234607 0.235568 0.130674 0.225746 0.233193
6.56 0.273293 0.272681 0.1411 0.263726 0.271822
6.6 0.311541 0.312549 0.151562 0.301399 0.310045
6.64 0.349291 0.348344 0.162045 0.338717 0.347803
6.68 0.386482 0.38756 0.172534 0.375632 0.385034
6.72 0.423055 0.42377 0.183013 0.412095 0.421678
6.76 0.458952 0.458643 0.193468 0.448059 0.457675
6.8 0.494114 0.492263 0.203882 0.483475 0.492964
6.84 0.528485 0.528942 0.214239 0.518296 0.527484
6.88 0.562011 0.561026 0.224523 0.552472 0.561174
6.92 0.594638 0.593327 0.234717 0.585957 0.593975
6.96 0.626313 0.624913 0.244804 0.618702 0.625825
7 0.656987 0.656326 0.254766 0.650659 0.656663
7.04 0.686609 0.684049 0.264586 0.68178 0.68643
7.08 0.715133 0.71598 0.274246 0.712016 0.715065
7.12 0.742513 0.741112 0.283727 0.74132 0.742506
7.16 0.768705 0.768489 0.293013 0.771641 0.768695
7.2 0.793668 0.792935 0.302084 0.802688 0.793588
7.24 0.81736 0.817299 0.310921 0.831454 0.817166
7.28 0.839746 0.842203 0.319507 0.857979 0.83941
7.32 0.860787 0.863205 0.327821 0.882299 0.8603
7.36 0.880452 0.881237 0.335846 0.904451 0.879817
7.4 0.898708 0.897849 0.34356 0.924474 0.897942
7.44 0.915526 0.9178 0.350947 0.942405 0.914657
7.48 0.93088 0.931371 0.357986 0.958281 0.929943
7.52 0.944745 0.94606 0.364658 0.97214 0.943779
7.56 0.957098 0.955178 0.370944 0.98402 0.956148
7.6 0.96792 0.967843 0.376824 0.993958 0.96703
7.64 0.977193 0.976808 0.382279 1.00199 0.976406
7.68 0.984903 0.987088 0.38729 1.00816 0.984257
7.72 0.991038 0.990462 0.391837 1.01249 0.990565
7.76 0.995587 0.994197 0.395903 1.01504 0.995309
7.8 0.998543 0.997796 0.399467 1.01583 0.998471
7.84 0.999902 0.998904 0.40251 1.0149 1.00003
7.88 0.999662 0.997642 0.405016 1.0123 0.999973
7.92 0.997822 0.999006 0.406963 1.00805 0.998275
7.96 0.994385 0.992825 0.408336 1.0022 0.994919
8 0.989358 0.988897 0.409115 0.994784 0.989886
8.04 0.982748 0.982395 0.409283 0.985838 0.983156
8.08 0.974566 0.975093 0.408822 0.975399 0.974711
8.12 0.964825 0.962001 0.407716 0.963507 0.964535
8.16 0.953541 0.955238 0.405948 0.950199 0.952653
8.2 0.940731 0.93998 0.403501 0.935511 0.939121
8.24 0.926416 0.927294 0.40036 0.919482 0.923998
8.28 0.910618 0.909714 0.396508 0.902149 0.907339
8.32 0.893365 0.894364 0.391932 0.88355 0.889202
8.36 0.874681 0.877603 0.386616 0.863721 0.869644
8.4 0.854599 0.854567 0.380547 0.842702 0.848722
8.44 0.83315 0.833624 0.37371 0.820529 0.826493
8.48 0.810367 0.808219 0.366094 0.79724 0.803014
8.52 0.786288 0.786831 0.357686 0.772871 0.778341
8.56 0.760951 0.761121 0.348474 0.747462 0.752533
8.6 0.734397 0.734451 0.338448 0.721049 0.725646
8.64 0.706668 0.709764 0.327597 0.69367 0.697737
8.68 0.677808 0.675019 0.315912 0.665363 0.668864
8.72 0.647865 0.642737 0.303384 0.636165 0.639082
8.76 0.616884 0.616471 0.290005 0.606113 0.60845
8.8 0.584917 0.582059 0.275768 0.575245 0.577024
8.84 0.552014 0.54736 0.260666 0.543599 0.544861
8.88 0.518228 0.520299 0.244696 0.511212 0.512018
8.92 0.483613 0.482657 0.227851 0.478122 0.478553
8.96 0.448224 0.453345 0.210128 0.444366 0.444522
9 0.412118 0.409014 0.191525 0.409981 0.409983
9.04 0.375353 0.374617 0.17204 0.375006 0.374992
9.08 0.337988 0.335229 0.151673 0.339478 0.339603
9.12 0.300081 0.288034 0.130424 0.303434 0.303843
9.16 0.261695 0.25666 0.108294 0.266912 0.267729
9.2 0.22289 0.220771 0.085288 0.22995 0.231277
9.24 0.183729 0.183673 0.0614072 0.192584 0.194502
9.28 0.144273 0.137399 0.0366584 0.154853 0.157421
9.32 0.104587 0.104358 0.0110471 0.116794 0.12005
9.36 0.064733 0.0590644 -0.01542 0.0784443 0.0824047
9.4 0.0247758 0.0230222 -0.0427327 0.0398418 0.044502
9.44 -0.015221 -0.019778 -0.0708827 0.0010239 0.00635745
9.48 -0.0551935 -0.0580347 -0.099857 -0.0379717 -0.0320126
9.52 -0.0950787 -0.0866293 -0.129645 -0.0771087 -0.0705931
9.56 -0.134811 -0.14804 -0.160232 -0.116347 -0.109366
9.6 -0.174327 -0.174261 -0.191601 -0.155651 -0.148316
9.64 -0.213565 -0.221652 -0.223738 -0.194983 -0.187427
9.68 -0.252461 -0.253319 -0.256624 -0.234305 -0.226684
9.72 -0.290953 -0.305244 -0.290238 -0.273579 -0.266069
9.76 -0.328979 -0.326785 -0.324562 -0.312769 -0.305567
9.8 -0.366479 -0.362025 -0.359571 -0.351836 -0.345162
9.84 -0.403393 -0.400887 -0.395243 -0.390743 -0.384837
9.88 -0.439662 -0.42983 -0.431552 -0.429453 -0.424576
9.92 -0.475227 -0.479526 -0.46847 -0.467927 -0.464364
9.96 -0.510032 -0.510853 -0.50597 -0.506129 -0.504185
10 -0.544021 -0.544775 -0.544021 -0.544021 -0.544021
