-1 2.71828 2.71612
-0.98 -7.78073 3.02124
-0.96 -6.01529 3.3472
-0.94 -1.53844 3.69825
-0.92 2.18526 4.06334
-0.9 4.42728 4.42893
-0.88 5.47083 4.78136
-0.86 5.81019 5.10616
-0.84 5.84206 5.38782
-0.82 5.79564 5.61061
-0.8 5.76069 5.76024
-0.78 5.7418 5.82578
-0.76 5.70694 5.80122
-0.74 5.62001 5.68627
-0.72 5.45735 5.48645
-0.7 5.21248 5.21236
-0.68 4.89388 4.87844
-0.66 4.51966 4.5014
-0.64 4.11198 4.09863
-0.62 3.69256 3.68675
-0.6 3.27981 3.28046
-0.58 2.88752 2.89178
-0.56 2.52478 2.52969
-0.54 2.19655 2.20005
-0.52 1.90465 1.90593
-0.5 1.64872 1.64802
-0.48 1.42701 1.42517
-0.46 1.23705 1.23502
-0.44 1.07599 1.07447
-0.42 0.940877 0.940157
-0.4 0.828793 0.828756
-0.38 0.736903 0.737208
-0.36 0.662535 0.662818
-0.34 0.603237 0.603282
-0.32 0.556837 0.556664
-0.3 0.521495 0.521344
-0.28 0.495737 0.495965
-0.26 0.478469 0.479397
-0.24 0.46896 0.470724
-0.22 0.466804 0.46926
-0.2 0.471868 0.474574
-0.18 0.484241 0.486535
-0.16 0.504183 0.505331
-0.14 0.532096 0.531484
-0.12 0.568494 0.565811
-0.1 0.613985 0.609357
-0.08 0.669245 0.663276
-0.06 0.734964 0.72867
-0.04 0.811766 0.806404
-0.02 0.900085 0.896912
0 1 1
0.02 1.11105 1.11469
0.04 1.23204 1.23911
0.06 1.36088 1.37046
0.08 1.49447 1.50503
0.1 1.62871 1.63836
0.12 1.75858 1.76542
0.14 1.87841 1.8809
0.16 1.98221 1.97953
0.18 2.06419 2.05646
0.2 2.11924 2.10759
0.22 2.14347 2.12988
0.24 2.13464 2.12163
0.26 2.09251 2.08261
0.28 2.01889 2.01416
0.3 1.91757 1.91906
0.32 1.79393 1.8014
0.34 1.65443 1.66628
0.36 1.50586 1.51943
0.38 1.35473 1.36684
0.4 1.20657 1.2143
0.42 1.06552 1.06701
0.44 0.934183 0.929242
0.46 0.813791 0.80415
0.48 0.704606 0.693612
0.5 0.606531 0.598264
0.52 0.519702 0.517642
0.54 0.444867 0.450419
0.56 0.383369 0.394723
0.58 0.336589 0.348472
0.6 0.304896 0.309695
0.62 0.28633 0.276785
0.64 0.275495 0.248653
0.66 0.263349 0.224755
0.68 0.238677 0.205005
0.7 0.191847 0.189582
0.72 0.120925 0.17869
0.74 0.0391692 0.172332
0.76 -0.018692 0.170159
0.78 0.00396481 0.171458
0.8 0.17359 0.175308
0.82 0.53419 0.180877
0.84 1.04892 0.187791
0.86 1.51729 0.196423
0.88 1.48816 0.207914
0.9 0.225872 0.22378
0.92 -3.14652 0.245053
0.94 -9.08998 0.271272
0.96 -16.259 0.300214
0.98 -18.575 0.330323
1 0.367879 0.369381
