-10 0 0 0 0 
-9.96 4.36902e-05 0.00406194 0.00390279 0.00584733 
-9.92 7.35223e-05 0.00675723 0.00729984 0.0108626 
-9.88 9.2715e-05 0.00811017 0.0102092 0.0150854 
-9.84 0.000103593 0.00815037 0.0126502 0.0185565 
-9.8 0.000107974 0.00690791 0.0146434 0.0213178 
-9.76 0.000107557 0.004417 0.0162103 0.0234123 
-9.72 0.000103652 0.000714153 0.0173733 0.0248837 
-9.68 9.74536e-05 0.00416297 0.0181558 0.0257769 
-9.64 8.95858e-05 0.0101731 0.0185817 0.0261373 
-9.6 8.08686e-05 0.0172741 0.0186758 0.0260111 
-9.56 7.17193e-05 0.0254208 0.0184634 0.0254448 
-9.52 6.26221e-05 0.0345665 0.0179701 0.0244857 
-9.48 5.37671e-05 0.0446635 0.0172219 0.023181 
-9.44 4.54234e-05 0.0556613 0.016245 0.0215785 
-9.4 3.77316e-05 0.0675086 0.015066 0.0197261 
-9.36 3.06517e-05 0.0801528 0.0137113 0.0176717 
-9.32 2.4423e-05 0.0935398 0.0122072 0.015463 
-9.28 1.88798e-05 0.107615 0.01058 0.0131478 
-9.24 1.41114e-05 0.122321 0.00885557 0.0107733 
-9.2 9.98378e-06 0.137602 0.00705963 0.00838646 
-9.16 6.55651e-06 0.1534 0.00521716 0.00603405 
-9.12 3.66569e-06 0.169658 0.00335285 0.00376183 
-9.08 1.49012e-06 0.186315 0.00149041 0.00161526 
-9.04 3.57628e-07 0.203313 0.000346929 0.000361323 
-9 1.69873e-06 0.220594 0.00213701 0.00213555 
-8.96 2.6226e-06 0.238097 0.00385854 0.00370201 
-8.92 3.36766e-06 0.255763 0.00549114 0.00505996 
-8.88 3.69549e-06 0.273533 0.00701594 0.00620985 
-8.84 3.99351e-06 0.291347 0.00841504 0.00715333 
-8.8 4.17233e-06 0.309149 0.00967169 0.00789344 
-8.76 4.11272e-06 0.326879 0.0107712 0.00843453 
-8.72 3.93391e-06 0.344481 0.0116997 0.00878245 
-8.68 3.51667e-06 0.361896 0.0124453 0.00894469 
-8.64 3.27826e-06 0.37907 0.0129973 0.00893044 
-8.6 2.86102e-06 0.395949 0.0133475 0.00875056 
-8.56 2.74181e-06 0.412476 0.0134889 0.00841761 
-8.52 2.26498e-06 0.428602 0.0134166 0.00794631 
-8.48 1.90735e-06 0.444273 0.0131273 0.00735301 
-8.44 1.60933e-06 0.459439 0.0126205 0.00665635 
-8.4 1.43051e-06 0.474053 0.0118968 0.00587678 
-8.36 1.13249e-06 0.488065 0.0109599 0.00503707 
-8.32 8.34465e-07 0.501433 0.00981492 0.00416225 
-8.28 6.55651e-07 0.51411 0.00846952 0.00327933 
-8.24 6.55651e-07 0.526056 0.00693363 0.00241774 
-8.2 3.57628e-07 0.53723 0.00521964 0.00160933 
-8.16 1.78814e-07 0.547593 0.00334203 0.000888169 
-8.12 1.19209e-07 0.557109 0.00131804 0.000290811 
-8.08 0 0.565744 0.000833213 0.000144482 
-8.04 1.19209e-07 0.573466 0.00308937 0.000407457 
-8 5.96046e-08 0.580244 0.00542617 0.000527442 
-7.96 0 0.58605 0.00781673 0.000533879 
-7.92 1.19209e-07 0.590858 0.0102314 0.00045383 
-7.88 1.78814e-07 0.594646 0.0126381 0.000311911 
-7.84 5.96046e-08 0.597392 0.0150026 0.000130177 
-7.8 1.19209e-07 0.599077 0.0172874 7.21812e-05 
-7.76 1.78814e-07 0.599684 0.0194528 0.000277996 
-7.72 5.96046e-08 0.599201 0.0214568 0.000473201 
-7.68 5.96046e-08 0.597613 0.0232542 0.000645876 
-7.64 0 0.594915 0.0247982 0.00078696 
-7.6 5.96046e-08 0.591096 0.0260385 0.00088954 
-7.56 1.78814e-07 0.586154 0.0269224 0.000949562 
-7.52 1.19209e-07 0.580087 0.027396 0.000965297 
-7.48 2.38419e-07 0.572894 0.027401 0.000937343 
-7.44 1.19209e-07 0.56458 0.0268787 0.000868976 
-7.4 5.96046e-08 0.555148 0.0257662 0.000765681 
-7.36 1.19209e-07 0.544606 0.0239993 0.000635266 
-7.32 1.78814e-07 0.532966 0.0215115 0.000487864 
-7.28 1.78814e-07 0.520239 0.0182335 0.000336111 
-7.24 5.96046e-08 0.506439 0.014094 0.000194371 
-7.2 1.78814e-07 0.491584 0.00902003 7.95722e-05 
-7.16 1.19209e-07 0.475692 0.00293577 1.055e-05 
-7.12 0 0.458786 0.00119293 6.79493e-06 
-7.08 5.96046e-08 0.440888 0.00311702 6.83069e-05 
-7.04 5.96046e-08 0.422023 0.00482929 0.000178754 
-7 1.19209e-07 0.402221 0.00632751 0.000323176 
-6.96 5.96046e-08 0.381509 0.0076108 0.0004884 
-6.92 5.96046e-08 0.35992 0.00868022 0.000662863 
-6.88 5.96046e-08 0.337488 0.00953829 0.000836551 
-6.84 0 0.314245 0.0101891 0.00100112 
-6.8 1.19209e-07 0.290231 0.0106382 0.00114959 
-6.76 1.78814e-07 0.265484 0.0108925 0.0012764 
-6.72 1.19209e-07 0.240042 0.0109602 0.00137711 
-6.68 0 0.213949 0.0108505 0.00144857 
-6.64 2.38419e-07 0.187246 0.0105739 0.00148869 
-6.6 1.19209e-07 0.159979 0.0101418 0.00149629 
-6.56 1.78814e-07 0.132193 0.00956649 0.00147122 
-6.52 1.3411e-07 0.103934 0.00886106 0.00141415 
-6.48 4.47035e-08 0.0752498 0.00803927 0.00132619 
-6.44 1.78814e-07 0.0461899 0.00711548 0.00120929 
-6.4 1.04308e-07 0.0168035 0.0061047 0.00106583 
-6.36 8.19564e-08 0.012859 0.00502209 0.000898659 
-6.32 1.49012e-07 0.0427463 0.00388332 0.000710748 
-6.28 1.04774e-08 0.072807 0.0027042 0.00050542 
-6.24 5.58794e-08 0.102989 0.00150048 0.000286087 
-6.2 8.9407e-08 0.133239 0.000288203 5.60358e-05 
-6.16 1.11759e-07 0.163504 0.000917017 0.000181161 
-6.12 2.5332e-07 0.193732 0.00209957 0.000419319 
-6.08 4.47035e-08 0.223869 0.00324416 0.000651345 
-6.04 8.9407e-08 0.253861 0.00433609 0.000870541 
-6 5.96046e-08 0.283656 0.00536099 0.00107068 
-5.96 8.9407e-08 0.3132 0.00630522 0.00124621 
-5.92 5.96046e-08 0.342441 0.00715563 0.00139216 
-5.88 1.19209e-07 0.371327 0.0079003 0.00150457 
-5.84 2.38419e-07 0.399805 0.00852793 0.00158021 
-5.8 2.08616e-07 0.427823 0.00902823 0.00161698 
-5.76 2.98023e-08 0.455333 0.00939202 0.0016138 
-5.72 2.98023e-07 0.482282 0.00961137 0.00157082 
-5.68 5.96046e-08 0.508623 0.00967962 0.00148934 
-5.64 5.96046e-08 0.534307 0.00959146 0.0013724 
-5.6 1.78814e-07 0.559287 0.00934291 0.00122398 
-5.56 5.96046e-08 0.583517 0.00893193 0.00105 
-5.52 0 0.606952 0.00835752 0.00085777 
-5.48 5.96046e-08 0.629548 0.00762075 0.000656307 
-5.44 3.57628e-07 0.651263 0.00672448 0.000456631 
-5.4 2.98023e-07 0.672057 0.00567323 0.00027132 
-5.36 2.38419e-07 0.691889 0.00447333 0.000114858 
-5.32 1.19209e-07 0.710723 0.00313354 4.05312e-06 
-5.28 1.78814e-07 0.728521 0.00166428 4.25577e-05 
-5.24 1.78814e-07 0.745251 7.81417e-05 4.35114e-06 
-5.2 5.96046e-08 0.760877 0.00161004 0.000133991 
-5.16 1.78814e-07 0.775371 0.00338334 0.000354767 
-5.12 1.78814e-07 0.788703 0.00522232 0.000632286 
-5.08 3.57628e-07 0.800845 0.00710571 0.000943303 
-5.04 3.57628e-07 0.811774 0.00900948 0.00126672 
-5 3.57628e-07 0.821465 0.0109071 0.00158417 
-4.96 1.13249e-06 0.829898 0.0127702 0.00187922 
-4.92 4.76837e-07 0.837054 0.0145673 0.00213838 
-4.88 4.17233e-07 0.842916 0.016265 0.00235039 
-4.84 2.38419e-07 0.84747 0.0178269 0.00250649 
-4.8 5.96046e-07 0.850704 0.0192146 0.00260049 
-4.76 7.15256e-07 0.852606 0.0203865 0.00262874 
-4.72 4.76837e-07 0.85317 0.0212992 0.00259012 
-4.68 4.17233e-07 0.85239 0.0219061 0.00248617 
-4.64 2.98023e-07 0.850262 0.0221586 0.00232071 
-4.6 7.7486e-07 0.846786 0.022005 0.00210053 
-4.56 8.9407e-07 0.841962 0.021391 0.00183463 
-4.52 8.9407e-07 0.835795 0.0202608 0.0015347 
-4.48 1.78814e-07 0.82829 0.0185546 0.00121486 
-4.44 5.96046e-08 0.819455 0.0162115 0.000891924 
-4.4 4.17233e-07 0.8093 0.0131668 0.00058502 
-4.36 6.55651e-07 0.797839 0.00935447 0.000315845 
-4.32 1.13249e-06 0.785085 0.00470519 0.00010854 
-4.28 3.57628e-07 0.771057 4.58956e-06 1.06096e-05 
-4.24 7.7486e-07 0.755772 3.12328e-05 2.6226e-05 
-4.2 5.36442e-07 0.739254 0.000167072 4.33326e-05 
-4.16 0 0.721525 0.00037837 0.000176132 
-4.12 1.78814e-07 0.70261 0.000642776 0.000352561 
-4.08 1.01328e-06 0.682538 0.000940204 0.000555217 
-4.04 4.76837e-07 0.661338 0.00125265 0.000768781 
-4 3.57628e-07 0.639042 0.0015642 0.00098002 
-3.96 1.78814e-07 0.615683 0.00186074 0.00117749 
-3.92 1.01328e-06 0.591296 0.00213039 0.00135207 
-3.88 9.53674e-07 0.565919 0.00236303 0.00149626 
-3.84 7.15256e-07 0.53959 0.00255018 0.00160438 
-3.8 8.9407e-07 0.51235 0.00268537 0.00167251 
-3.76 4.17233e-07 0.484241 0.00276351 0.00169837 
-3.72 5.36442e-07 0.455306 0.00278127 0.00168115 
-3.68 2.38419e-07 0.42559 0.00273669 0.00162178 
-3.64 1.78814e-06 0.39514 0.00262925 0.00152233 
-3.6 5.36442e-07 0.364004 0.00245965 0.00138628 
-3.56 1.78814e-07 0.332231 0.00223002 0.00121829 
-3.52 2.08616e-07 0.29987 0.00194347 0.00102425 
-3.48 8.9407e-07 0.266972 0.00160411 0.000810981 
-3.44 1.3113e-06 0.23359 0.00121713 0.00058642 
-3.4 2.02656e-06 0.199777 0.00078845 0.000359088 
-3.36 5.06639e-07 0.165587 0.00032486 0.000138447 
-3.32 1.78814e-06 0.131073 0.000166282 6.55204e-05 
-3.28 1.92225e-06 0.0962913 0.000677034 0.00024651 
-3.24 3.12924e-07 0.0612974 0.00119902 0.000404522 
-3.2 1.45286e-06 0.0261473 0.00172349 0.000539742 
-3.16 3.85568e-07 0.00910287 0.00224151 0.000652093 
-3.12 7.05943e-07 0.0443966 0.00274382 0.000741392 
-3.08 9.76026e-07 0.0796764 0.00322129 0.00080736 
-3.04 1.50502e-06 0.114886 0.00366478 0.000849783 
-3 1.10269e-06 0.149968 0.00406532 0.000868618 
-2.96 8.49366e-07 0.184867 0.00441426 0.000864103 
-2.92 2.5034e-06 0.219525 0.00470302 0.000836819 
-2.88 2.98023e-08 0.253887 0.004924 0.000787735 
-2.84 1.72853e-06 0.287896 0.00506964 0.000718504 
-2.8 1.87755e-06 0.321499 0.0051333 0.000631422 
-2.76 3.03984e-06 0.354639 0.00510925 0.000529438 
-2.72 3.09944e-06 0.387263 0.00499225 0.000416398 
-2.68 2.17557e-06 0.419318 0.00477818 0.000297248 
-2.64 2.08616e-07 0.450752 0.00446418 0.00017786 
-2.6 5.36442e-07 0.481513 0.00404811 6.50883e-05 
-2.56 2.20537e-06 0.511551 0.00352949 3.25441e-05 
-2.52 2.02656e-06 0.540817 0.00290883 0.000105798 
-2.48 2.98023e-07 0.569263 0.00218827 0.000143468 
-2.44 2.44379e-06 0.596843 0.00137115 0.000133038 
-2.4 1.19209e-06 0.62351 0.00046289 6.06775e-05 
-2.36 2.6226e-06 0.649221 0.000530124 8.83341e-05 
-2.32 1.66893e-06 0.673934 0.00159919 0.000309765 
-2.28 1.84774e-06 0.697607 0.00273395 0.000581682 
-2.24 1.54972e-06 0.720203 0.0039224 0.000883102 
-2.2 2.74181e-06 0.741683 0.00515044 0.00119507 
-2.16 2.68221e-06 0.762012 0.00640172 0.00150079 
-2.12 5.36442e-07 0.781156 0.00765836 0.00178534 
-2.08 2.98023e-07 0.799083 0.00889993 0.00203592 
-2.04 4.17233e-07 0.815763 0.0101038 0.00224209 
-2 3.57628e-07 0.831168 0.0112455 0.00239551 
-1.96 2.08616e-06 0.845273 0.0122978 0.00249016 
-1.92 3.57628e-06 0.858054 0.0132314 0.00252235 
-1.88 4.76837e-07 0.869488 0.0140147 0.00249076 
-1.84 3.45707e-06 0.879557 0.0146135 0.0023964 
-1.8 1.2517e-06 0.888243 0.0149915 0.0022428 
-1.76 6.79493e-06 0.895531 0.0151093 0.00203604 
-1.72 1.19209e-06 0.901408 0.0149257 0.00178444 
-1.68 4.88758e-06 0.905865 0.0143965 0.00149912 
-1.64 9.65595e-06 0.908891 0.0134751 0.00119352 
-1.6 2.5034e-06 0.910483 0.0121125 0.000883698 
-1.56 5.96046e-08 0.910635 0.0102571 0.000588298 
-1.52 3.51667e-06 0.909347 0.00785458 0.000328481 
-1.48 5.42402e-06 0.906621 0.00484824 0.000127971 
-1.44 1.90735e-06 0.902458 0.00117886 1.3113e-05 
-1.4 3.8743e-06 0.896866 0.00147659 9.05991e-06 
-1.36 1.54972e-06 0.889851 0.00318611 0.000107467 
-1.32 1.37091e-06 0.881425 0.00451893 0.000282347 
-1.28 5.36442e-07 0.8716 0.00551754 0.000509739 
-1.24 1.19209e-06 0.860391 0.00622189 0.000768423 
-1.2 1.37091e-06 0.847816 0.00666952 0.00103927 
-1.16 2.98023e-07 0.833893 0.00689548 0.001306 
-1.12 2.563e-06 0.818644 0.00693244 0.00155431 
-1.08 1.60933e-06 0.802093 0.00681096 0.00177252 
-1.04 1.37091e-06 0.784266 0.0065589 0.00195122 
-1 4.58956e-06 0.76519 0.00620222 0.002083 
-0.96 3.57628e-07 0.744897 0.00576442 0.00216317 
-0.92 5.96046e-07 0.723416 0.00526702 0.00218862 
-0.88 5.126e-06 0.700784 0.00472921 0.00215876 
-0.84 6.31809e-06 0.677034 0.00416851 0.00207472 
-0.8 1.07884e-05 0.652205 0.00360024 0.00193983 
-0.76 2.14577e-06 0.626337 0.00303769 0.00175941 
-0.72 2.98023e-07 0.599469 0.00249255 0.00154018 
-0.68 3.8743e-06 0.571645 0.00197476 0.0012911 
-0.64 6.13928e-06 0.54291 0.00149226 0.00102258 
-0.6 3.99351e-06 0.513307 0.00105178 0.000746667 
-0.56 1.49012e-06 0.482886 0.000658214 0.000476956 
-0.52 1.01328e-05 0.451693 0.00031516 0.000228435 
-0.48 1.26362e-05 0.41978 2.48551e-05 1.75238e-05 
-0.44 3.24845e-06 0.387196 0.000211775 0.000141531 
-0.4 5.60284e-06 0.353994 0.000395 0.00025171 
-0.36 1.57952e-06 0.320227 0.00052613 0.000320971 
-0.32 4.55976e-06 0.285948 0.00060758 0.000356227 
-0.28 7.45058e-06 0.251212 0.000642449 0.000363618 
-0.24 5.54323e-06 0.216075 0.000634834 0.000348404 
-0.2 2.86102e-06 0.180592 0.00058949 0.000315145 
-0.16 1.01924e-05 0.144821 0.00051184 0.00026767 
-0.12 2.05636e-06 0.108819 0.000407599 0.00020957 
-0.08 7.98702e-06 0.0726427 0.000283062 0.000143811 
-0.04 7.06315e-06 0.0363504 0.000144988 7.30827e-05 
0 6.43836e-06 7.38191e-09 4.09782e-08 5.63158e-10 
0.04 3.01749e-06 0.0363505 0.00014507 7.31423e-05 
0.08 2.27615e-05 0.0726427 0.000283122 0.000143871 
0.12 6.95139e-06 0.108819 0.000407621 0.0002096 
0.16 7.21216e-06 0.144821 0.00051184 0.000267729 
0.2 6.88434e-06 0.180592 0.000589505 0.000315174 
0.24 3.8296e-06 0.216075 0.000634909 0.000348434 
0.28 1.96695e-06 0.251212 0.000642538 0.000363678 
0.32 2.6226e-06 0.285948 0.000607669 0.000356287 
0.36 2.563e-06 0.320227 0.000526249 0.000320971 
0.4 2.23517e-06 0.353994 0.000395119 0.00025174 
0.44 5.69224e-06 0.387196 0.000211805 0.00014165 
0.48 1.5825e-05 0.41978 2.48253e-05 1.75238e-05 
0.52 1.16825e-05 0.451693 0.00031516 0.000228375 
0.56 1.00136e-05 0.482886 0.000658154 0.000476956 
0.6 5.36442e-07 0.513307 0.00105184 0.000746608 
0.64 3.62992e-05 0.542909 0.00149238 0.00102258 
0.68 2.18749e-05 0.571645 0.00197482 0.0012911 
0.72 2.26498e-06 0.599469 0.00249261 0.00154018 
0.76 1.5378e-05 0.626337 0.00303757 0.00175935 
0.8 3.33786e-06 0.652205 0.00360006 0.00193983 
0.84 1.10269e-05 0.677034 0.00416839 0.00207472 
0.88 1.44243e-05 0.700784 0.00472897 0.00215876 
0.92 2.53916e-05 0.723416 0.0052669 0.00218856 
0.96 1.13845e-05 0.744897 0.00576437 0.00216317 
1 9.17912e-06 0.76519 0.00620204 0.002083 
1.04 9.11951e-06 0.784266 0.0065589 0.00195116 
1.08 1.62721e-05 0.802093 0.00681096 0.00177246 
1.12 2.96235e-05 0.818644 0.0069325 0.00155425 
1.16 2.563e-05 0.833893 0.00689554 0.00130594 
1.2 3.97563e-05 0.847816 0.00666946 0.00103921 
1.24 9.89437e-06 0.860392 0.00622171 0.000768363 
1.28 2.2471e-05 0.8716 0.00551748 0.000509739 
1.32 1.78814e-06 0.881425 0.00451887 0.000282347 
1.36 4.76837e-07 0.889851 0.00318581 0.000107408 
1.4 1.12057e-05 0.896866 0.00147635 9.0003e-06 
1.44 4.31538e-05 0.902458 0.00117886 1.3113e-05 
1.48 1.88947e-05 0.906621 0.00484824 0.000127971 
1.52 2.07424e-05 0.909347 0.00785458 0.000328481 
1.56 1.68681e-05 0.910635 0.010257 0.000588298 
1.6 2.01464e-05 0.910483 0.0121125 0.000883698 
1.64 4.1604e-05 0.908891 0.0134751 0.00119352 
1.68 6.36578e-05 0.905864 0.0143963 0.00149912 
1.72 2.12789e-05 0.901408 0.0149257 0.00178444 
1.76 1.67489e-05 0.895531 0.0151094 0.00203604 
1.8 3.52263e-05 0.888243 0.0149915 0.0022428 
1.84 4.76837e-06 0.879557 0.0146136 0.0023964 
1.88 3.1054e-05 0.869488 0.0140148 0.00249076 
1.92 3.8147e-06 0.858054 0.0132315 0.00252235 
1.96 2.44975e-05 0.845273 0.0122979 0.00249016 
2 3.75509e-06 0.831168 0.0112455 0.00239551 
2.04 5.41806e-05 0.815763 0.0101038 0.00224215 
2.08 1.70469e-05 0.799083 0.00889987 0.00203592 
2.12 3.12924e-05 0.781156 0.00765836 0.00178534 
2.16 4.18425e-05 0.762012 0.00640172 0.00150079 
2.2 7.33137e-06 0.741683 0.00515044 0.00119507 
2.24 4.17233e-05 0.720203 0.0039224 0.000883102 
2.28 1.96695e-05 0.697607 0.00273395 0.000581682 
2.32 5.10216e-05 0.673934 0.00159913 0.000309825 
2.36 1.23382e-05 0.649221 0.000530124 8.83341e-05 
2.4 2.3067e-05 0.62351 0.00046283 6.07371e-05 
2.44 1.54376e-05 0.596842 0.0013712 0.000133097 
2.48 1.07884e-05 0.569263 0.00218821 0.000143468 
2.52 8.76188e-06 0.540817 0.00290877 0.000105858 
2.56 0.000176132 0.511551 0.00352955 3.26037e-05 
2.6 8.34465e-06 0.481513 0.00404817 6.50883e-05 
2.64 9.0301e-06 0.450752 0.00446415 0.000177801 
2.68 5.31077e-05 0.419318 0.00477821 0.000297219 
2.72 1.29044e-05 0.387263 0.00499219 0.000416368 
2.76 3.11136e-05 0.354639 0.00510919 0.000529408 
2.8 2.24411e-05 0.321499 0.00513333 0.000631362 
2.84 2.04444e-05 0.287896 0.00506961 0.000718504 
2.88 0.000105858 0.253887 0.00492394 0.000787705 
2.92 6.76811e-05 0.219525 0.00470306 0.000836745 
2.96 7.7486e-07 0.184867 0.00441423 0.000864089 
3 7.00355e-05 0.149968 0.00406529 0.000868574 
3.04 7.50422e-05 0.114886 0.00366483 0.000849769 
3.08 4.65065e-05 0.0796764 0.00322128 0.000807319 
3.12 7.53328e-05 0.0443966 0.00274383 0.000741335 
3.16 3.58783e-05 0.00910287 0.00224145 0.000652067 
3.2 5.52423e-05 0.0261472 0.0017235 0.000539687 
3.24 7.41482e-05 0.0612975 0.00119901 0.000404514 
3.28 2.69711e-05 0.0962915 0.000677034 0.00024648 
3.32 8.43406e-06 0.131073 0.000166297 6.54757e-05 
3.36 2.41995e-05 0.165587 0.000324905 0.000138432 
3.4 2.02954e-05 0.199777 0.00078845 0.000359088 
3.44 3.73125e-05 0.23359 0.00121713 0.00058642 
3.48 7.48038e-05 0.266972 0.00160408 0.00081104 
3.52 4.30346e-05 0.29987 0.00194347 0.00102428 
3.56 7.2211e-05 0.332231 0.00223002 0.00121832 
3.6 6.21378e-05 0.364004 0.00245968 0.00138628 
3.64 4.77433e-05 0.395141 0.00262922 0.00152236 
3.68 0.000168085 0.42559 0.00273669 0.00162184 
3.72 0.000138819 0.455306 0.00278127 0.00168121 
3.76 1.13249e-05 0.48424 0.00276351 0.00169837 
3.8 7.69496e-05 0.51235 0.00268537 0.00167251 
3.84 5.1856e-06 0.53959 0.00255013 0.00160444 
3.88 6.81281e-05 0.565919 0.00236297 0.00149632 
3.92 8.77976e-05 0.591296 0.00213045 0.00135213 
3.96 1.81198e-05 0.615683 0.0018608 0.00117755 
4 9.40561e-05 0.639042 0.0015642 0.00098002 
4.04 4.6432e-05 0.661339 0.00125265 0.00076884 
4.08 1.70469e-05 0.682538 0.000940323 0.000555217 
4.12 0.000127614 0.70261 0.000642717 0.000352621 
4.16 0.000255346 0.721525 0.00037837 0.000176132 
4.2 0.000153959 0.739254 0.000167012 4.33326e-05 
4.24 2.92063e-05 0.755772 3.1054e-05 2.61664e-05 
4.28 0.00020206 0.771057 4.41074e-06 1.06096e-05 
4.32 6.94394e-05 0.785085 0.00470525 0.0001086 
4.36 0.00032419 0.797839 0.00935447 0.000315905 
4.4 0.000142157 0.8093 0.013167 0.000585079 
4.44 0.000346482 0.819455 0.0162115 0.000891984 
4.48 7.56383e-05 0.82829 0.0185548 0.00121486 
4.52 8.32081e-05 0.835795 0.0202608 0.00153476 
4.56 7.34329e-05 0.841962 0.0213911 0.00183469 
4.6 4.04716e-05 0.846786 0.0220048 0.00210053 
4.64 4.79817e-05 0.850262 0.0221586 0.00232077 
4.68 0.000480533 0.85239 0.0219062 0.00248617 
4.72 6.88434e-05 0.85317 0.0212992 0.00259018 
4.76 0.000590682 0.852606 0.0203866 0.00262874 
4.8 3.80874e-05 0.850704 0.0192146 0.00260055 
4.84 7.76052e-05 0.84747 0.0178269 0.00250649 
4.88 0.000419319 0.842916 0.016265 0.00235045 
4.92 4.60744e-05 0.837054 0.0145673 0.00213844 
4.96 0.000181556 0.829898 0.0127702 0.00187927 
5 0.000187218 0.821465 0.0109071 0.00158417 
5.04 0.000130594 0.811774 0.00900942 0.00126678 
5.08 0.000222981 0.800845 0.00710571 0.000943363 
5.12 4.30942e-05 0.788703 0.00522238 0.000632346 
5.16 0.000112176 0.775371 0.00338328 0.000354826 
5.2 0.000161946 0.760877 0.00161004 0.000134051 
5.24 0.000891507 0.74525 7.81417e-05 4.35114e-06 
5.28 0.000255287 0.728521 0.00166428 4.25577e-05 
5.32 9.44734e-05 0.710723 0.00313359 4.11272e-06 
5.36 0.000269592 0.691889 0.00447339 0.000114858 
5.4 0.000190139 0.672057 0.00567317 0.000271261 
5.44 0.000642896 0.651263 0.00672448 0.000456631 
5.48 0.000140846 0.629548 0.00762081 0.000656307 
5.52 0.000609756 0.606952 0.00835747 0.000857711 
5.56 8.12411e-05 0.583517 0.00893193 0.00105 
5.6 0.000189245 0.559287 0.00934303 0.00122398 
5.64 0.000514627 0.534307 0.0095914 0.0013724 
5.68 0.000176609 0.508623 0.00967962 0.00148934 
5.72 0.000961065 0.482283 0.00961125 0.00157076 
5.76 0.000288874 0.455332 0.00939205 0.0016138 
5.8 0.000695914 0.427823 0.0090282 0.00161695 
5.84 0.000196725 0.399804 0.00852793 0.00158018 
5.88 6.09457e-05 0.371327 0.00790039 0.00150454 
5.92 0.000628322 0.342441 0.00715569 0.00139213 
5.96 0.000268847 0.3132 0.00630516 0.00124618 
6 0.000312835 0.283656 0.00536093 0.00107068 
6.04 0.000797838 0.253861 0.0043361 0.000870511 
6.08 0.000430316 0.223869 0.00324418 0.00065133 
6.12 4.85182e-05 0.193732 0.0020995 0.000419274 
6.16 0.000830121 0.163504 0.000917017 0.000181139 
6.2 0.000164554 0.133239 0.000288188 5.59837e-05 
6.24 9.11579e-06 0.102989 0.0015005 0.000286017 
6.28 0.000131252 0.0728069 0.0027042 0.000505369 
6.32 0.000204895 0.0427462 0.00388338 0.000710674 
6.36 0.00123017 0.012859 0.0050221 0.00089857 
6.4 0.000432707 0.0168035 0.00610471 0.00106578 
6.44 0.000428796 0.0461898 0.00711554 0.00120921 
6.48 5.28544e-05 0.0752498 0.00803921 0.00132611 
6.52 0.000960514 0.103934 0.00886106 0.00141405 
6.56 0.000611573 0.132193 0.00956652 0.00147119 
6.6 0.00100729 0.159979 0.0101419 0.00149623 
6.64 0.000946909 0.187246 0.010574 0.00148857 
6.68 0.00107768 0.213949 0.0108505 0.00144848 
6.72 0.000715047 0.240042 0.0109601 0.00137702 
6.76 0.000308663 0.265484 0.0108925 0.00127634 
6.8 0.00185031 0.290231 0.0106382 0.00114954 
6.84 0.000457525 0.314246 0.0101891 0.00100106 
6.88 0.000984788 0.337488 0.00953829 0.000836492 
6.92 0.00131065 0.35992 0.00868016 0.000662744 
6.96 0.00140035 0.381509 0.0076108 0.000488281 
7 0.00066036 0.402221 0.00632763 0.000323117 
7.04 0.00256032 0.422023 0.00482923 0.000178635 
7.08 0.000846624 0.440888 0.00311691 6.82473e-05 
7.12 0.00140089 0.458786 0.00119293 6.73532e-06 
7.16 0.000216305 0.475692 0.00293577 1.04904e-05 
7.2 0.000732243 0.491584 0.00901991 7.95126e-05 
7.24 6.18696e-05 0.506439 0.0140939 0.000194371 
7.28 0.0024575 0.520239 0.0182333 0.000336111 
7.32 0.0024175 0.532966 0.0215114 0.000487864 
7.36 0.000785351 0.544607 0.0239993 0.000635266 
7.4 0.000859022 0.555148 0.0257661 0.000765681 
7.44 0.00227374 0.564579 0.0268787 0.000868976 
7.48 0.000491023 0.572894 0.0274012 0.000937343 
7.52 0.00131583 0.580087 0.0273958 0.000965297 
7.56 0.00191951 0.586154 0.0269225 0.000949562 
7.6 7.68304e-05 0.591096 0.0260383 0.00088954 
7.64 0.000385344 0.594914 0.024798 0.000786901 
7.68 0.00218445 0.597614 0.0232543 0.000645876 
7.72 0.0005759 0.5992 0.0214567 0.000473201 
7.76 0.00139016 0.599684 0.0194529 0.000277996 
7.8 0.000747561 0.599077 0.0172874 7.21216e-05 
7.84 0.00099808 0.597392 0.0150026 0.000130177 
7.88 0.00201964 0.594646 0.0126382 0.000311911 
7.92 0.00118405 0.590858 0.0102314 0.00045383 
7.96 0.00156021 0.586049 0.00781661 0.000533879 
8 0.000461459 0.580243 0.00542611 0.000527442 
8.04 0.000353098 0.573466 0.00308925 0.000407517 
8.08 0.000526309 0.565744 0.000833094 0.000144482 
8.12 0.00282401 0.557109 0.00131804 0.000290751 
8.16 0.00169778 0.547593 0.00334209 0.000888109 
8.2 0.000750721 0.53723 0.0052197 0.00160933 
8.24 0.000878632 0.526056 0.00693363 0.00241768 
8.28 0.000904083 0.51411 0.00846964 0.00327927 
8.32 0.00099957 0.501433 0.00981492 0.00416225 
8.36 0.00292158 0.488065 0.01096 0.00503707 
8.4 3.24845e-05 0.474052 0.0118969 0.00587672 
8.44 0.00047493 0.459439 0.0126206 0.00665629 
8.48 0.00214821 0.444273 0.0131273 0.00735295 
8.52 0.000543416 0.428602 0.0134166 0.00794625 
8.56 0.000170112 0.412477 0.0134889 0.00841761 
8.6 5.37634e-05 0.395949 0.0133476 0.0087505 
8.64 0.00309634 0.379071 0.0129974 0.00893044 
8.68 0.00278944 0.361896 0.0124453 0.00894469 
8.72 0.00512725 0.34448 0.0116998 0.00878245 
8.76 0.000413001 0.326879 0.0107713 0.00843453 
8.8 0.00285846 0.309149 0.00967181 0.00789338 
8.84 0.00465405 0.291348 0.00841498 0.00715333 
8.88 0.00207067 0.273533 0.007016 0.00620985 
8.92 0.000955701 0.255762 0.0054912 0.00505993 
8.96 0.00512061 0.238097 0.00385854 0.00370198 
9 0.00310457 0.220594 0.00213709 0.00213552 
9.04 0.000736594 0.203314 0.000347018 0.000361294 
9.08 0.00275913 0.186315 0.00149032 0.0016152 
9.12 0.0120476 0.169657 0.00335273 0.0037618 
9.16 0.00503501 0.153401 0.00521708 0.00603399 
9.2 0.00211863 0.137602 0.00705956 0.00838643 
9.24 5.57601e-05 0.122321 0.00885543 0.0107732 
9.28 0.00687379 0.107615 0.01058 0.0131477 
9.32 0.000228204 0.0935395 0.0122072 0.015463 
9.36 0.00566858 0.080153 0.0137113 0.0176717 
9.4 0.00175356 0.0675085 0.015066 0.0197261 
9.44 0.00455701 0.0556616 0.0162449 0.0215785 
9.48 0.00284115 0.0446635 0.0172218 0.0231809 
9.52 0.00844936 0.0345663 0.0179699 0.0244856 
9.56 0.0132293 0.0254211 0.0184634 0.0254448 
9.6 6.62804e-05 0.0172741 0.0186757 0.0260111 
9.64 0.00808771 0.0101729 0.0185816 0.0261373 
9.68 0.000858724 0.00416315 0.0181557 0.0257769 
9.72 0.0142916 0.000714272 0.0173732 0.0248836 
9.76 0.00219452 0.00441676 0.0162101 0.0234122 
9.8 0.00445426 0.00690788 0.0146434 0.0213178 
9.84 0.0025067 0.00815055 0.01265 0.0185565 
9.88 0.00983211 0.00811005 0.0102091 0.0150854 
9.92 0.00429878 0.00675732 0.00729963 0.0108626 
9.96 0.000821173 0.00406176 0.00390267 0.00584728 
10 0.000754297 0 1.19209e-07 5.96046e-08 
