-10 0.544021 0.544021 0.544021 0.544021 0.544021 -nan -nan
-9.96 0.510032 0.547307 0.508162 0.505848 0.506162 -nan -nan
-9.92 0.475227 0.550528 0.473243 0.468082 0.468374 -nan -nan
-9.88 0.439662 0.553683 0.439265 0.430763 0.430711 -nan -nan
-9.84 0.403393 0.556773 0.406225 0.393927 0.393221 -nan -nan
-9.8 0.366479 0.559798 0.374121 0.357608 0.355956 -nan -nan
-9.76 0.328979 0.562759 0.342948 0.321841 0.318962 -nan -nan
-9.72 0.290953 0.565655 0.312704 0.286656 0.282285 -nan -nan
-9.68 0.252461 0.568487 0.283382 0.252083 0.245971 -nan -nan
-9.64 0.213565 0.571255 0.254978 0.218152 0.210064 -nan -nan
-9.6 0.174327 0.57396 0.227485 0.184889 0.174606 -nan -nan
-9.56 0.134811 0.576602 0.200897 0.152319 0.139638 -nan -nan
-9.52 0.0950787 0.57918 0.175206 0.120468 0.105198 -nan -nan
-9.48 0.0551935 0.581695 0.150403 0.089356 0.0713256 -nan -nan
-9.44 0.015221 0.584149 0.126483 0.0590063 0.0380573 -nan -nan
-9.4 -0.0247758 0.586539 0.103434 0.0294373 0.00542737 -nan -nan
-9.36 -0.064733 0.588868 0.0812478 0.000667354 -0.0265306 -nan -nan
-9.32 -0.104587 0.591135 0.0599143 -0.027287 -0.0577849 -nan -nan
-9.28 -0.144273 0.593341 0.0394232 -0.0544105 -0.0883053 -nan -nan
-9.24 -0.183729 0.595485 0.0197637 -0.0806893 -0.118063 -nan -nan
-9.2 -0.22289 0.597569 0.000924598 -0.106111 -0.147031 -nan -nan
-9.16 -0.261695 0.599591 -0.0171055 -0.130665 -0.175184 -nan -nan
-9.12 -0.300081 0.601554 -0.0343385 -0.154341 -0.202497 -nan -nan
-9.08 -0.337988 0.603456 -0.0507865 -0.17713 -0.228949 -nan -nan
-9.04 -0.375353 0.605299 -0.0664622 -0.199027 -0.254519 -nan -nan
-9 -0.412118 0.607081 -0.0813782 -0.220024 -0.279187 -nan -nan
-8.96 -0.448224 0.608805 -0.0955477 -0.240118 -0.302936 -nan -nan
-8.92 -0.483613 0.610469 -0.108984 -0.259304 -0.325749 -nan -nan
-8.88 -0.518228 0.612075 -0.1217 -0.277582 -0.347613 -nan -nan
-8.84 -0.552014 0.613622 -0.133711 -0.29495 -0.368515 -nan -nan
-8.8 -0.584917 0.61511 -0.145029 -0.311408 -0.388441 -nan -nan
-8.76 -0.616884 0.616541 -0.155669 -0.326957 -0.407385 -nan -nan
-8.72 -0.647865 0.617914 -0.165646 -0.341601 -0.425335 -nan -nan
-8.68 -0.677808 0.619229 -0.174973 -0.355342 -0.442286 -nan -nan
-8.64 -0.706668 0.620487 -0.183666 -0.368186 -0.458233 -nan -nan
-8.6 -0.734397 0.621688 -0.191739 -0.380136 -0.47317 -nan -nan
-8.56 -0.760951 0.622833 -0.199206 -0.391201 -0.487097 -nan -nan
-8.52 -0.786288 0.623921 -0.206082 -0.401388 -0.50001 -nan -nan
-8.48 -0.810367 0.624953 -0.212384 -0.410705 -0.511913 -nan -nan
-8.44 -0.83315 0.625929 -0.218124 -0.419161 -0.522805 -nan -nan
-8.4 -0.854599 0.626849 -0.223318 -0.426766 -0.532688 -nan -nan
-8.36 -0.874681 0.627714 -0.227982 -0.433531 -0.541569 -nan -nan
-8.32 -0.893365 0.628523 -0.23213 -0.439469 -0.549453 -nan -nan
-8.28 -0.910618 0.629278 -0.235777 -0.444591 -0.556345 -nan -nan
-8.24 -0.926416 0.629979 -0.238938 -0.448912 -0.562255 -nan -nan
-8.2 -0.940731 0.630624 -0.241628 -0.452443 -0.56719 -nan -nan
-8.16 -0.953541 0.631216 -0.243862 -0.455201 -0.571163 -nan -nan
-8.12 -0.964825 0.631754 -0.245655 -0.457201 -0.574185 -nan -nan
-8.08 -0.974566 0.632239 -0.247021 -0.458458 -0.576267 -nan -nan
-8.04 -0.982748 0.63267 -0.247975 -0.45899 -0.577424 -nan -nan
-8 -0.989358 0.633048 -0.248533 -0.458811 -0.57767 -nan -nan
-7.96 -0.994385 0.633373 -0.248707 -0.457941 -0.577022 -nan -nan
-7.92 -0.997822 0.633646 -0.248514 -0.456398 -0.575496 -nan -nan
-7.88 -0.999662 0.633867 -0.247966 -0.454198 -0.573107 -nan -nan
-7.84 -0.999902 0.634036 -0.247079 -0.451363 -0.569878 -nan -nan
-7.8 -0.998543 0.634153 -0.245865 -0.447909 -0.565825 -nan -nan
-7.76 -0.995587 0.634219 -0.24434 -0.443857 -0.56097 -nan -nan
-7.72 -0.991038 0.634233 -0.242517 -0.439228 -0.555332 -nan -nan
-7.68 -0.984903 0.634197 -0.240409 -0.43404 -0.548935 -nan -nan
-7.64 -0.977193 0.634109 -0.23803 -0.428315 -0.541798 -nan -nan
-7.6 -0.96792 0.633972 -0.235393 -0.422073 -0.533947 -nan -nan
-7.56 -0.957098 0.633784 -0.232511 -0.415334 -0.525404 -nan -nan
-7.52 -0.944745 0.633547 -0.229397 -0.40812 -0.516193 -nan -nan
-7.48 -0.93088 0.63326 -0.226064 -0.400453 -0.506339 -nan -nan
-7.44 -0.915526 0.632923 -0.222523 -0.392353 -0.495866 -nan -nan
-7.4 -0.898708 0.632538 -0.218789 -0.383841 -0.484802 -nan -nan
-7.36 -0.880452 0.632104 -0.214872 -0.37494 -0.473172 -nan -nan
-7.32 -0.860787 0.631621 -0.210784 -0.36567 -0.461 -nan -nan
-7.28 -0.839746 0.63109 -0.206538 -0.356053 -0.448315 -nan -nan
-7.24 -0.81736 0.630511 -0.202144 -0.34611 -0.435143 -nan -nan
-7.2 -0.793668 0.629884 -0.197614 -0.335864 -0.421513 -nan -nan
-7.16 -0.768705 0.62921 -0.192959 -0.325335 -0.407449 -nan -nan
-7.12 -0.742513 0.628488 -0.188189 -0.314544 -0.392982 -nan -nan
-7.08 -0.715133 0.62772 -0.183316 -0.303513 -0.378136 -nan -nan
-7.04 -0.686609 0.626905 -0.178349 -0.292263 -0.362943 -nan -nan
-7 -0.656987 0.626043 -0.173298 -0.280815 -0.347428 -nan -nan
-6.96 -0.626313 0.625135 -0.168173 -0.269189 -0.331619 -nan -nan
-6.92 -0.594638 0.624182 -0.162985 -0.257406 -0.315546 -nan -nan
-6.88 -0.562011 0.623182 -0.157742 -0.245486 -0.299233 -nan -nan
-6.84 -0.528485 0.622138 -0.152453 -0.23345 -0.282711 -nan -nan
-6.8 -0.494114 0.621048 -0.147127 -0.221316 -0.266007 -nan -nan
-6.76 -0.458952 0.619913 -0.141772 -0.209105 -0.249147 -nan -nan
-6.72 -0.423055 0.618734 -0.136398 -0.196835 -0.23216 -nan -nan
-6.68 -0.386482 0.617511 -0.131012 -0.184526 -0.215072 -nan -nan
-6.64 -0.349291 0.616243 -0.125622 -0.172197 -0.19791 -nan -nan
-6.6 -0.311541 0.614932 -0.120235 -0.159865 -0.180699 -nan -nan
-6.56 -0.273293 0.613577 -0.11486 -0.147548 -0.163468 -nan -nan
-6.52 -0.234607 0.612179 -0.109502 -0.135264 -0.146241 -nan -nan
-6.48 -0.195547 0.610738 -0.10417 -0.12303 -0.129044 -nan -nan
-6.44 -0.156173 0.609254 -0.0988684 -0.110863 -0.111902 -nan -nan
-6.4 -0.116549 0.607728 -0.0936048 -0.0987785 -0.0948389 -nan -nan
-6.36 -0.0767393 0.60616 -0.0883852 -0.086793 -0.0778798 -nan -nan
-6.32 -0.0368065 0.604549 -0.0832152 -0.0749215 -0.0610478 -nan -nan
-6.28 0.00318509 0.602897 -0.0781007 -0.0631795 -0.0443664 -nan -nan
-6.24 0.0431721 0.601203 -0.0730467 -0.051581 -0.0278579 -nan -nan
-6.2 0.0830896 0.599469 -0.0680586 -0.0401405 -0.0115447 -nan -nan
-6.16 0.122874 0.597693 -0.0631411 -0.0288713 0.00455171 -nan -nan
-6.12 0.162462 0.595877 -0.058299 -0.0177867 0.0204105 -nan -nan
-6.08 0.20179 0.594021 -0.0535366 -0.00689912 0.0360114 -nan -nan
-6.04 0.240795 0.592124 -0.048858 0.00377923 0.0513347 -nan -nan
-6 0.279415 0.590188 -0.0442674 0.0142368 0.0663614 -nan -nan
-5.96 0.317589 0.588211 -0.0397681 0.0244624 0.081073 -nan -nan
-5.92 0.355253 0.586196 -0.0353639 0.0344456 0.0954521 -nan -nan
-5.88 0.39235 0.584142 -0.031058 0.0441762 0.109482 -nan -nan
-5.84 0.428819 0.582049 -0.0268534 0.0536447 0.123145 -nan -nan
-5.8 0.464602 0.579917 -0.0227528 0.0628421 0.136427 -nan -nan
-5.76 0.499642 0.577747 -0.018759 0.0717598 0.149313 -nan -nan
-5.72 0.533882 0.575539 -0.0148743 0.0803902 0.161789 -nan -nan
-5.68 0.567269 0.573294 -0.0111009 0.0887253 0.17384 -nan -nan
-5.64 0.599747 0.571011 -0.00744074 0.0967587 0.185456 -nan -nan
-5.6 0.631267 0.56869 -0.00389563 0.104483 0.196623 -nan -nan
-5.56 0.661776 0.566333 -0.000467164 0.111894 0.207332 -nan -nan
-5.52 0.691227 0.56394 0.00284331 0.118986 0.217572 -nan -nan
-5.48 0.719572 0.561509 0.00603459 0.125752 0.227332 -nan -nan
-5.44 0.746765 0.559043 0.00910566 0.132191 0.236606 -nan -nan
-5.4 0.772764 0.556541 0.0120557 0.138297 0.245384 -nan -nan
-5.36 0.797527 0.554003 0.0148841 0.144067 0.253661 -nan -nan
-5.32 0.821014 0.55143 0.0175903 0.149499 0.261428 -nan -nan
-5.28 0.843188 0.548821 0.0201741 0.154591 0.268682 -nan -nan
-5.24 0.864012 0.546178 0.0226353 0.15934 0.275417 -nan -nan
-5.2 0.883455 0.543501 0.024974 0.163745 0.281629 -nan -nan
-5.16 0.901484 0.540789 0.0271903 0.167806 0.287317 -nan -nan
-5.12 0.91807 0.538043 0.0292845 0.171523 0.292475 -nan -nan
-5.08 0.933189 0.535263 0.0312572 0.174895 0.297104 -nan -nan
-5.04 0.946814 0.53245 0.0331091 0.177923 0.301202 -nan -nan
-5 0.958924 0.529603 0.0348408 0.180609 0.304771 -nan -nan
-4.96 0.969501 0.526724 0.0364533 0.182954 0.307809 -nan -nan
-4.92 0.978526 0.523812 0.0379477 0.18496 0.310319 -nan -nan
-4.88 0.985986 0.520867 0.039325 0.186629 0.312303 -nan -nan
-4.84 0.991869 0.51789 0.0405867 0.187964 0.313764 -nan -nan
-4.8 0.996165 0.514882 0.0417341 0.188969 0.314705 -nan -nan
-4.76 0.998867 0.511841 0.0427688 0.189648 0.315131 -nan -nan
-4.72 0.999971 0.50877 0.0436924 0.190004 0.315046 -nan -nan
-4.68 0.999476 0.505667 0.0445065 0.190041 0.314456 -nan -nan
-4.64 0.997381 0.502533 0.0452132 0.189766 0.313369 -nan -nan
-4.6 0.993691 0.499369 0.0458143 0.189182 0.31179 -nan -nan
-4.56 0.988411 0.496174 0.0463118 0.188296 0.309727 -nan -nan
-4.52 0.98155 0.492949 0.0467079 0.187113 0.307188 -nan -nan
-4.48 0.973119 0.489695 0.0470048 0.18564 0.304183 -nan -nan
-4.44 0.963131 0.486411 0.0472047 0.183883 0.30072 -nan -nan
-4.4 0.951602 0.483097 0.0473101 0.181849 0.29681 -nan -nan
-4.36 0.938551 0.479755 0.0473233 0.179545 0.292463 -nan -nan
-4.32 0.923998 0.476384 0.0472468 0.176978 0.28769 -nan -nan
-4.28 0.907967 0.472984 0.0470831 0.174157 0.282501 -nan -nan
-4.24 0.890484 0.469556 0.046835 0.171088 0.276911 -nan -nan
-4.2 0.871576 0.466101 0.046505 0.167781 0.27093 -nan -nan
-4.16 0.851273 0.462617 0.0460959 0.164244 0.264572 -nan -nan
-4.12 0.829609 0.459106 0.0456103 0.160484 0.25785 -nan -nan
-4.08 0.806618 0.455568 0.0450512 0.156511 0.250778 -nan -nan
-4.04 0.782336 0.452003 0.0444213 0.152335 0.243369 -nan -nan
-4 0.756802 0.448411 0.0437234 0.147963 0.235638 -nan -nan
-3.96 0.730058 0.444793 0.0429605 0.143405 0.227601 -nan -nan
-3.92 0.702146 0.441149 0.0421355 0.138671 0.219271 -nan -nan
-3.88 0.673111 0.437479 0.0412514 0.133771 0.210664 -nan -nan
-3.84 0.642999 0.433784 0.040311 0.128713 0.201796 -nan -nan
-3.8 0.611858 0.430063 0.0393172 0.123508 0.192683 -nan -nan
-3.76 0.579738 0.426317 0.0382732 0.118165 0.18334 -nan -nan
-3.72 0.546691 0.422546 0.0371818 0.112695 0.173784 -nan -nan
-3.68 0.512769 0.418751 0.0360461 0.107107 0.164032 -nan -nan
-3.64 0.478027 0.414932 0.0348689 0.101411 0.154099 -nan -nan
-3.6 0.44252 0.411088 0.0336533 0.0956183 0.144003 -nan -nan
-3.56 0.406306 0.407221 0.0324022 0.0897378 0.13376 -nan -nan
-3.52 0.369441 0.40333 0.0311186 0.08378 0.123387 -nan -nan
-3.48 0.331985 0.399416 0.0298054 0.077755 0.112901 -nan -nan
-3.44 0.293998 0.395479 0.0284654 0.0716726 0.102319 -nan -nan
-3.4 0.255541 0.391519 0.0271016 0.0655432 0.0916582 -nan -nan
-3.36 0.216675 0.387537 0.0257169 0.0593764 0.0809348 -nan -nan
-3.32 0.177462 0.383533 0.024314 0.0531826 0.0701663 -nan -nan
-3.28 0.137966 0.379507 0.0228958 0.0469713 0.0593692 -nan -nan
-3.24 0.0982486 0.375459 0.021465 0.0407523 0.04856 -nan -nan
-3.2 0.0583742 0.37139 0.0200244 0.0345353 0.0377557 -nan -nan
-3.16 0.0184064 0.3673 0.0185767 0.0283302 0.0269728 -nan -nan
-3.12 -0.0215911 0.363189 0.0171244 0.0221461 0.0162275 -nan -nan
-3.08 -0.0615538 0.359058 0.0156703 0.0159924 0.00553591 -nan -nan
-3.04 -0.101418 0.354906 0.0142168 0.0098786 -0.00508574 -nan -nan
-3 -0.14112 0.350734 0.0127664 0.00381342 -0.015622 -nan -nan
-2.96 -0.180596 0.346542 0.0113218 -0.00219406 -0.0260571 -nan -nan
-2.92 -0.219784 0.342331 0.00988513 -0.00813515 -0.0363758 -nan -nan
-2.88 -0.258619 0.3381 0.00845883 -0.0140014 -0.0465632 -nan -nan
-2.84 -0.297041 0.333851 0.0070452 -0.0197842 -0.0566044 -nan -nan
-2.8 -0.334988 0.329583 0.0056465 -0.0254756 -0.0664851 -nan -nan
-2.76 -0.372399 0.325296 0.00426488 -0.0310673 -0.0761909 -nan -nan
-2.72 -0.409214 0.320991 0.0029024 -0.036552 -0.0857086 -nan -nan
-2.68 -0.445375 0.316668 0.00156113 -0.0419219 -0.0950243 -nan -nan
-2.64 -0.480823 0.312328 0.000243059 -0.0471697 -0.104125 -nan -nan
-2.6 -0.515501 0.30797 -0.00104991 -0.0522883 -0.112999 -nan -nan
-2.56 -0.549356 0.303595 -0.00231596 -0.057271 -0.121632 -nan -nan
-2.52 -0.582331 0.299203 -0.0035533 -0.0621111 -0.130014 -nan -nan
-2.48 -0.614374 0.294794 -0.00476019 -0.0668023 -0.138133 -nan -nan
-2.44 -0.645435 0.290369 -0.00593511 -0.0713386 -0.145979 -nan -nan
-2.4 -0.675463 0.285928 -0.00707643 -0.0757142 -0.15354 -nan -nan
-2.36 -0.704411 0.281472 -0.00818269 -0.0799236 -0.160806 -nan -nan
-2.32 -0.732231 0.276999 -0.00925251 -0.0839615 -0.167769 -nan -nan
-2.28 -0.758881 0.272512 -0.0102845 -0.087823 -0.174418 -nan -nan
-2.24 -0.784316 0.268009 -0.0112775 -0.0915035 -0.180746 -nan -nan
-2.2 -0.808496 0.263491 -0.0122303 -0.0949985 -0.186744 -nan -nan
-2.16 -0.831383 0.25896 -0.0131418 -0.0983041 -0.192406 -nan -nan
-2.12 -0.852941 0.254413 -0.014011 -0.101416 -0.197723 -nan -nan
-2.08 -0.873133 0.249853 -0.0148369 -0.104332 -0.202689 -nan -nan
-2.04 -0.891929 0.245279 -0.0156188 -0.107048 -0.207299 -nan -nan
-2 -0.909297 0.240692 -0.0163557 -0.109561 -0.211548 -nan -nan
-1.96 -0.925211 0.236091 -0.017047 -0.111868 -0.215429 -nan -nan
-1.92 -0.939645 0.231477 -0.0176922 -0.113968 -0.218939 -nan -nan
-1.88 -0.952576 0.226851 -0.0182905 -0.115859 -0.222075 -nan -nan
-1.84 -0.963983 0.222213 -0.0188417 -0.117539 -0.224833 -nan -nan
-1.8 -0.973848 0.217562 -0.0193452 -0.119006 -0.22721 -nan -nan
-1.76 -0.982154 0.2129 -0.0198008 -0.12026 -0.229204 -nan -nan
-1.72 -0.98889 0.208225 -0.0202082 -0.1213 -0.230815 -nan -nan
-1.68 -0.994043 0.20354 -0.0205674 -0.122126 -0.23204 -nan -nan
-1.64 -0.997606 0.198843 -0.0208782 -0.122737 -0.232881 -nan -nan
-1.6 -0.999574 0.194136 -0.0211405 -0.123134 -0.233336 -nan -nan
-1.56 -0.999942 0.189418 -0.0213546 -0.123317 -0.233406 -nan -nan
-1.52 -0.99871 0.18469 -0.0215204 -0.123288 -0.233093 -nan -nan
-1.48 -0.995881 0.179952 -0.0216384 -0.123047 -0.2324 -nan -nan
-1.44 -0.991458 0.175204 -0.0217086 -0.122596 -0.231328 -nan -nan
-1.4 -0.98545 0.170446 -0.0217316 -0.121937 -0.229879 -nan -nan
-1.36 -0.977865 0.165679 -0.0217077 -0.121071 -0.228058 -nan -nan
-1.32 -0.968715 0.160904 -0.0216374 -0.120002 -0.225869 -nan -nan
-1.28 -0.958016 0.156119 -0.0215213 -0.118731 -0.223316 -nan -nan
-1.24 -0.945784 0.151326 -0.0213601 -0.117262 -0.220405 -nan -nan
-1.2 -0.932039 0.146525 -0.0211544 -0.115597 -0.21714 -nan -nan
-1.16 -0.916803 0.141716 -0.020905 -0.113741 -0.213527 -nan -nan
-1.12 -0.9001 0.1369 -0.0206128 -0.111697 -0.209575 -nan -nan
-1.08 -0.881958 0.132076 -0.0202786 -0.109468 -0.205289 -nan -nan
-1.04 -0.862404 0.127244 -0.0199034 -0.10706 -0.200676 -nan -nan
-1 -0.841471 0.122407 -0.0194881 -0.104476 -0.195746 -nan -nan
-0.96 -0.819192 0.117562 -0.0190338 -0.101721 -0.190505 -nan -nan
-0.92 -0.795602 0.112711 -0.0185418 -0.0988007 -0.184964 -nan -nan
-0.88 -0.770739 0.107854 -0.018013 -0.0957196 -0.179132 -nan -nan
-0.84 -0.744643 0.102991 -0.0174488 -0.092483 -0.173016 -nan -nan
-0.8 -0.717356 0.098123 -0.0168504 -0.0890967 -0.166629 -nan -nan
-0.76 -0.688921 0.0932495 -0.0162191 -0.0855665 -0.15998 -nan -nan
-0.72 -0.659385 0.088371 -0.0155564 -0.0818984 -0.153081 -nan -nan
-0.68 -0.628793 0.0834877 -0.0148634 -0.0780984 -0.145942 -nan -nan
-0.64 -0.597195 0.0785998 -0.0141419 -0.0741727 -0.138574 -nan -nan
-0.6 -0.564642 0.0737077 -0.0133931 -0.0701281 -0.13099 -nan -nan
-0.56 -0.531186 0.0688117 -0.0126186 -0.0659712 -0.123201 -nan -nan
-0.52 -0.49688 0.0639121 -0.0118201 -0.0617087 -0.11522 -nan -nan
-0.48 -0.461779 0.0590089 -0.010999 -0.0573475 -0.10706 -nan -nan
-0.44 -0.425939 0.0541027 -0.010157 -0.052895 -0.0987329 -nan -nan
-0.4 -0.389418 0.0491934 -0.00929569 -0.0483579 -0.0902521 -nan -nan
-0.36 -0.352274 0.0442816 -0.00841684 -0.043744 -0.0816312 -nan -nan
-0.32 -0.314567 0.0393675 -0.00752205 -0.0390604 -0.0728834 -nan -nan
-0.28 -0.276356 0.0344511 -0.00661304 -0.0343146 -0.0640222 -nan -nan
-0.24 -0.237703 0.0295329 -0.00569158 -0.0295142 -0.0550617 -nan -nan
-0.2 -0.198669 0.0246132 -0.00475942 -0.0246671 -0.0460159 -nan -nan
-0.16 -0.159318 0.0196922 -0.00381832 -0.0197809 -0.0368987 -nan -nan
-0.12 -0.119712 0.0147701 -0.00287004 -0.0148632 -0.0277243 -nan -nan
-0.08 -0.0799147 0.00984715 -0.00191635 -0.00992192 -0.0185067 -nan -nan
-0.04 -0.0399893 0.00492367 -0.000959066 -0.00496484 -0.00926046 -nan -nan
0 0 0 -2.18279e-09 -4.64101e-09 1.05984e-08 -nan -nan
0.04 0.0399893 -0.00492362 0.000959057 0.00496481 0.0092604 -nan -nan
0.08 0.0799147 -0.00984716 0.00191635 0.00992191 0.0185067 -nan -nan
0.12 0.119712 -0.01477 0.00287002 0.0148631 0.0277241 -nan -nan
0.16 0.159318 -0.0196922 0.00381832 0.0197809 0.0368987 -nan -nan
0.2 0.198669 -0.0246132 0.00475943 0.0246671 0.0460159 -nan -nan
0.24 0.237703 -0.029533 0.00569159 0.0295144 0.0550619 -nan -nan
0.28 0.276356 -0.0344511 0.00661304 0.0343146 0.0640222 -nan -nan
0.32 0.314567 -0.0393673 0.00752203 0.0390603 0.0728832 -nan -nan
0.36 0.352274 -0.0442816 0.00841682 0.0437439 0.0816312 -nan -nan
0.4 0.389418 -0.0491934 0.0092957 0.0483579 0.0902521 -nan -nan
0.44 0.425939 -0.0541027 0.010157 0.0528949 0.0987329 -nan -nan
0.48 0.461779 -0.0590089 0.010999 0.0573475 0.10706 -nan -nan
0.52 0.49688 -0.0639121 0.0118201 0.0617087 0.11522 -nan -nan
0.56 0.531186 -0.0688117 0.0126186 0.0659712 0.123201 -nan -nan
0.6 0.564642 -0.0737077 0.0133931 0.0701281 0.13099 -nan -nan
0.64 0.597195 -0.0785998 0.0141419 0.0741727 0.138574 -nan -nan
0.68 0.628793 -0.0834875 0.0148634 0.0780982 0.145941 -nan -nan
0.72 0.659385 -0.0883709 0.0155563 0.0818984 0.153081 -nan -nan
0.76 0.688921 -0.0932495 0.0162191 0.0855666 0.15998 -nan -nan
0.8 0.717356 -0.0981231 0.0168504 0.0890968 0.166629 -nan -nan
0.84 0.744643 -0.102991 0.0174488 0.092483 0.173016 -nan -nan
0.88 0.770739 -0.107854 0.018013 0.0957196 0.179131 -nan -nan
0.92 0.795602 -0.112711 0.0185418 0.0988008 0.184964 -nan -nan
0.96 0.819192 -0.117562 0.0190338 0.101721 0.190505 -nan -nan
1 0.841471 -0.122407 0.0194881 0.104476 0.195746 -nan -nan
1.04 0.862404 -0.127245 0.0199033 0.10706 0.200676 -nan -nan
1.08 0.881958 -0.132076 0.0202786 0.109468 0.205289 -nan -nan
1.12 0.9001 -0.1369 0.0206128 0.111697 0.209575 -nan -nan
1.16 0.916803 -0.141716 0.020905 0.113741 0.213527 -nan -nan
1.2 0.932039 -0.146525 0.0211544 0.115597 0.21714 -nan -nan
1.24 0.945784 -0.151326 0.0213601 0.117262 0.220404 -nan -nan
1.28 0.958016 -0.156119 0.0215214 0.118731 0.223316 -nan -nan
1.32 0.968715 -0.160903 0.0216374 0.120002 0.225869 -nan -nan
1.36 0.977865 -0.165679 0.0217077 0.121072 0.228058 -nan -nan
1.4 0.98545 -0.170446 0.0217316 0.121937 0.229879 -nan -nan
1.44 0.991458 -0.175204 0.0217086 0.122596 0.231327 -nan -nan
1.48 0.995881 -0.179952 0.0216384 0.123047 0.2324 -nan -nan
1.52 0.99871 -0.18469 0.0215205 0.123288 0.233094 -nan -nan
1.56 0.999942 -0.189418 0.0213546 0.123317 0.233406 -nan -nan
1.6 0.999574 -0.194136 0.0211405 0.123134 0.233335 -nan -nan
1.64 0.997606 -0.198843 0.0208782 0.122737 0.23288 -nan -nan
1.68 0.994043 -0.20354 0.0205674 0.122126 0.23204 -nan -nan
1.72 0.98889 -0.208226 0.0202082 0.1213 0.230815 -nan -nan
1.76 0.982154 -0.2129 0.0198008 0.12026 0.229204 -nan -nan
1.8 0.973848 -0.217562 0.0193452 0.119006 0.22721 -nan -nan
1.84 0.963983 -0.222213 0.0188416 0.117539 0.224833 -nan -nan
1.88 0.952576 -0.226851 0.0182905 0.115859 0.222075 -nan -nan
1.92 0.939645 -0.231478 0.0176921 0.113968 0.218939 -nan -nan
1.96 0.925211 -0.236091 0.017047 0.111868 0.215429 -nan -nan
2 0.909297 -0.240692 0.0163557 0.109561 0.211548 -nan -nan
2.04 0.891929 -0.245279 0.0156188 0.107048 0.207299 -nan -nan
2.08 0.873133 -0.249853 0.014837 0.104332 0.202689 -nan -nan
2.12 0.852941 -0.254413 0.014011 0.101416 0.197723 -nan -nan
2.16 0.831383 -0.258959 0.0131418 0.0983041 0.192406 -nan -nan
2.2 0.808496 -0.263491 0.0122303 0.0949985 0.186744 -nan -nan
2.24 0.784316 -0.268009 0.0112775 0.0915035 0.180746 -nan -nan
2.28 0.758881 -0.272512 0.0102845 0.087823 0.174418 -nan -nan
2.32 0.732231 -0.276999 0.00925252 0.0839615 0.167769 -nan -nan
2.36 0.704411 -0.281472 0.00818271 0.0799236 0.160806 -nan -nan
2.4 0.675463 -0.285928 0.00707643 0.0757142 0.15354 -nan -nan
2.44 0.645435 -0.290369 0.00593513 0.0713387 0.145979 -nan -nan
2.48 0.614374 -0.294794 0.0047602 0.0668023 0.138133 -nan -nan
2.52 0.582331 -0.299203 0.0035533 0.0621111 0.130014 -nan -nan
2.56 0.549356 -0.303595 0.00231594 0.0572709 0.121632 -nan -nan
2.6 0.515501 -0.30797 0.00104991 0.0522883 0.112999 -nan -nan
2.64 0.480823 -0.312328 -0.000243079 0.0471696 0.104125 -nan -nan
2.68 0.445375 -0.316668 -0.00156114 0.0419219 0.0950243 -nan -nan
2.72 0.409214 -0.320991 -0.00290237 0.0365521 0.0857087 -nan -nan
2.76 0.372399 -0.325296 -0.00426487 0.0310674 0.0761909 -nan -nan
2.8 0.334988 -0.329583 -0.0056465 0.0254756 0.0664851 -nan -nan
2.84 0.297041 -0.333851 -0.00704524 0.0197841 0.0566042 -nan -nan
2.88 0.258619 -0.3381 -0.00845883 0.0140014 0.0465632 -nan -nan
2.92 0.219784 -0.342331 -0.00988513 0.00813513 0.0363756 -nan -nan
2.96 0.180596 -0.346542 -0.0113218 0.00219409 0.0260571 -nan -nan
3 0.14112 -0.350734 -0.0127665 -0.00381336 0.0156221 -nan -nan
3.04 0.101418 -0.354906 -0.0142168 -0.00987861 0.00508575 -nan -nan
3.08 0.0615538 -0.359058 -0.0156702 -0.0159924 -0.00553589 -nan -nan
3.12 0.0215911 -0.363189 -0.0171244 -0.0221461 -0.0162276 -nan -nan
3.16 -0.0184064 -0.3673 -0.0185767 -0.0283301 -0.0269728 -nan -nan
3.2 -0.0583742 -0.37139 -0.0200244 -0.0345355 -0.0377559 -nan -nan
3.24 -0.0982486 -0.375459 -0.021465 -0.0407522 -0.04856 -nan -nan
3.28 -0.137966 -0.379507 -0.0228958 -0.0469711 -0.0593689 -nan -nan
3.32 -0.177462 -0.383533 -0.024314 -0.0531826 -0.0701663 -nan -nan
3.36 -0.216675 -0.387537 -0.0257169 -0.0593764 -0.0809348 -nan -nan
3.4 -0.255541 -0.391519 -0.0271016 -0.0655432 -0.0916582 -nan -nan
3.44 -0.293998 -0.395479 -0.0284654 -0.0716726 -0.102319 -nan -nan
3.48 -0.331985 -0.399416 -0.0298054 -0.077755 -0.112901 -nan -nan
3.52 -0.369441 -0.40333 -0.0311186 -0.08378 -0.123387 -nan -nan
3.56 -0.406306 -0.407221 -0.0324022 -0.0897378 -0.13376 -nan -nan
3.6 -0.44252 -0.411088 -0.0336533 -0.0956183 -0.144003 -nan -nan
3.64 -0.478027 -0.414931 -0.0348689 -0.101411 -0.154099 -nan -nan
3.68 -0.512769 -0.418751 -0.0360461 -0.107107 -0.164032 -nan -nan
3.72 -0.546691 -0.422546 -0.0371818 -0.112695 -0.173784 -nan -nan
3.76 -0.579738 -0.426317 -0.0382732 -0.118165 -0.18334 -nan -nan
3.8 -0.611858 -0.430063 -0.0393172 -0.123508 -0.192683 -nan -nan
3.84 -0.642999 -0.433784 -0.0403109 -0.128713 -0.201796 -nan -nan
3.88 -0.673111 -0.437479 -0.0412514 -0.133771 -0.210664 -nan -nan
3.92 -0.702146 -0.441149 -0.0421355 -0.138671 -0.219271 -nan -nan
3.96 -0.730058 -0.444793 -0.0429605 -0.143405 -0.227601 -nan -nan
4 -0.756802 -0.448411 -0.0437234 -0.147963 -0.235638 -nan -nan
4.04 -0.782336 -0.452003 -0.0444213 -0.152335 -0.243369 -nan -nan
4.08 -0.806618 -0.455568 -0.0450512 -0.156511 -0.250778 -nan -nan
4.12 -0.829609 -0.459106 -0.0456103 -0.160484 -0.25785 -nan -nan
4.16 -0.851273 -0.462617 -0.0460959 -0.164244 -0.264572 -nan -nan
4.2 -0.871576 -0.466101 -0.046505 -0.167781 -0.27093 -nan -nan
4.24 -0.890484 -0.469556 -0.046835 -0.171088 -0.276911 -nan -nan
4.28 -0.907967 -0.472984 -0.0470831 -0.174157 -0.282502 -nan -nan
4.32 -0.923998 -0.476384 -0.0472468 -0.176978 -0.28769 -nan -nan
4.36 -0.938551 -0.479755 -0.0473233 -0.179545 -0.292463 -nan -nan
4.4 -0.951602 -0.483097 -0.0473101 -0.181849 -0.29681 -nan -nan
4.44 -0.963131 -0.486411 -0.0472047 -0.183883 -0.30072 -nan -nan
4.48 -0.973119 -0.489695 -0.0470048 -0.18564 -0.304183 -nan -nan
4.52 -0.98155 -0.492949 -0.0467079 -0.187113 -0.307188 -nan -nan
4.56 -0.988411 -0.496174 -0.0463118 -0.188296 -0.309727 -nan -nan
4.6 -0.993691 -0.499369 -0.0458143 -0.189182 -0.31179 -nan -nan
4.64 -0.997381 -0.502533 -0.0452132 -0.189766 -0.313369 -nan -nan
4.68 -0.999476 -0.505667 -0.0445066 -0.190041 -0.314456 -nan -nan
4.72 -0.999971 -0.50877 -0.0436924 -0.190004 -0.315046 -nan -nan
4.76 -0.998867 -0.511841 -0.0427688 -0.189648 -0.315131 -nan -nan
4.8 -0.996165 -0.514882 -0.0417341 -0.188969 -0.314705 -nan -nan
4.84 -0.991869 -0.51789 -0.0405868 -0.187964 -0.313764 -nan -nan
4.88 -0.985986 -0.520867 -0.039325 -0.186629 -0.312303 -nan -nan
4.92 -0.978526 -0.523812 -0.0379477 -0.18496 -0.310319 -nan -nan
4.96 -0.969501 -0.526724 -0.0364533 -0.182954 -0.307809 -nan -nan
5 -0.958924 -0.529603 -0.0348408 -0.180609 -0.304771 -nan -nan
5.04 -0.946814 -0.53245 -0.0331091 -0.177923 -0.301203 -nan -nan
5.08 -0.933189 -0.535263 -0.0312572 -0.174895 -0.297104 -nan -nan
5.12 -0.91807 -0.538043 -0.0292845 -0.171523 -0.292475 -nan -nan
5.16 -0.901484 -0.540789 -0.0271902 -0.167806 -0.287316 -nan -nan
5.2 -0.883455 -0.543501 -0.024974 -0.163745 -0.281629 -nan -nan
5.24 -0.864012 -0.546178 -0.0226353 -0.15934 -0.275417 -nan -nan
5.28 -0.843188 -0.548821 -0.0201741 -0.154591 -0.268682 -nan -nan
5.32 -0.821014 -0.55143 -0.0175903 -0.149499 -0.261428 -nan -nan
5.36 -0.797527 -0.554003 -0.0148841 -0.144067 -0.253661 -nan -nan
5.4 -0.772764 -0.556541 -0.0120557 -0.138297 -0.245385 -nan -nan
5.44 -0.746765 -0.559043 -0.00910565 -0.132191 -0.236606 -nan -nan
5.48 -0.719572 -0.561509 -0.00603461 -0.125753 -0.227333 -nan -nan
5.52 -0.691227 -0.56394 -0.00284327 -0.118985 -0.217571 -nan -nan
5.56 -0.661776 -0.566333 0.000467156 -0.111894 -0.207332 -nan -nan
5.6 -0.631267 -0.56869 0.0038956 -0.104484 -0.196624 -nan -nan
5.64 -0.599747 -0.571011 0.00744076 -0.0967586 -0.185456 -nan -nan
5.68 -0.567269 -0.573294 0.0111009 -0.0887254 -0.17384 -nan -nan
5.72 -0.533882 -0.575539 0.0148743 -0.0803901 -0.161788 -nan -nan
5.76 -0.499642 -0.577747 0.018759 -0.07176 -0.149313 -nan -nan
5.8 -0.464602 -0.579917 0.0227529 -0.0628421 -0.136427 -nan -nan
5.84 -0.428819 -0.582049 0.0268533 -0.0536448 -0.123145 -nan -nan
5.88 -0.39235 -0.584142 0.0310581 -0.0441761 -0.109481 -nan -nan
5.92 -0.355253 -0.586196 0.0353639 -0.0344456 -0.0954521 -nan -nan
5.96 -0.317589 -0.588211 0.0397681 -0.0244626 -0.0810732 -nan -nan
6 -0.279415 -0.590188 0.0442674 -0.0142367 -0.0663612 -nan -nan
6.04 -0.240795 -0.592124 0.048858 -0.00377933 -0.0513348 -nan -nan
6.08 -0.20179 -0.594021 0.0535366 0.00689926 -0.0360112 -nan -nan
6.12 -0.162462 -0.595877 0.058299 0.0177867 -0.0204105 -nan -nan
6.16 -0.122874 -0.597693 0.0631411 0.0288712 -0.00455192 -nan -nan
6.2 -0.0830896 -0.599469 0.0680586 0.0401406 0.0115448 -nan -nan
6.24 -0.0431721 -0.601203 0.0730467 0.051581 0.0278578 -nan -nan
6.28 -0.00318509 -0.602897 0.0781007 0.0631795 0.0443664 -nan -nan
6.32 0.0368065 -0.604549 0.0832152 0.0749215 0.0610476 -nan -nan
6.36 0.0767393 -0.60616 0.0883852 0.0867931 0.0778798 -nan -nan
6.4 0.116549 -0.607728 0.0936048 0.0987784 0.0948388 -nan -nan
6.44 0.156173 -0.609254 0.0988684 0.110863 0.111902 -nan -nan
6.48 0.195547 -0.610738 0.10417 0.12303 0.129044 -nan -nan
6.52 0.234607 -0.612179 0.109502 0.135264 0.146241 -nan -nan
6.56 0.273293 -0.613577 0.11486 0.147548 0.163468 -nan -nan
6.6 0.311541 -0.614932 0.120235 0.159865 0.180699 -nan -nan
6.64 0.349291 -0.616243 0.125622 0.172197 0.19791 -nan -nan
6.68 0.386482 -0.617511 0.131012 0.184527 0.215072 -nan -nan
6.72 0.423055 -0.618734 0.136398 0.196835 0.23216 -nan -nan
6.76 0.458952 -0.619913 0.141772 0.209105 0.249147 -nan -nan
6.8 0.494114 -0.621048 0.147127 0.221316 0.266007 -nan -nan
6.84 0.528485 -0.622138 0.152453 0.23345 0.282712 -nan -nan
6.88 0.562011 -0.623182 0.157742 0.245486 0.299233 -nan -nan
6.92 0.594638 -0.624182 0.162985 0.257406 0.315545 -nan -nan
6.96 0.626313 -0.625135 0.168173 0.269189 0.331619 -nan -nan
7 0.656987 -0.626043 0.173298 0.280815 0.347428 -nan -nan
7.04 0.686609 -0.626905 0.178349 0.292263 0.362943 -nan -nan
7.08 0.715133 -0.62772 0.183316 0.303513 0.378137 -nan -nan
7.12 0.742513 -0.628488 0.188189 0.314544 0.392982 -nan -nan
7.16 0.768705 -0.62921 0.192959 0.325335 0.407449 -nan -nan
7.2 0.793668 -0.629884 0.197614 0.335864 0.421513 -nan -nan
7.24 0.81736 -0.630511 0.202144 0.34611 0.435143 -nan -nan
7.28 0.839746 -0.63109 0.206538 0.356053 0.448315 -nan -nan
7.32 0.860787 -0.631621 0.210784 0.36567 0.461 -nan -nan
7.36 0.880452 -0.632104 0.214872 0.37494 0.473171 -nan -nan
7.4 0.898708 -0.632538 0.218789 0.383841 0.484802 -nan -nan
7.44 0.915526 -0.632923 0.222523 0.392353 0.495867 -nan -nan
7.48 0.93088 -0.63326 0.226064 0.400453 0.506339 -nan -nan
7.52 0.944745 -0.633547 0.229397 0.408121 0.516193 -nan -nan
7.56 0.957098 -0.633784 0.232511 0.415334 0.525404 -nan -nan
7.6 0.96792 -0.633972 0.235393 0.422073 0.533947 -nan -nan
7.64 0.977193 -0.634109 0.23803 0.428315 0.541798 -nan -nan
7.68 0.984903 -0.634196 0.240409 0.43404 0.548935 -nan -nan
7.72 0.991038 -0.634233 0.242517 0.439228 0.555332 -nan -nan
7.76 0.995587 -0.634219 0.24434 0.443857 0.56097 -nan -nan
7.8 0.998543 -0.634153 0.245866 0.447909 0.565825 -nan -nan
7.84 0.999902 -0.634036 0.247079 0.451362 0.569878 -nan -nan
7.88 0.999662 -0.633867 0.247966 0.454198 0.573108 -nan -nan
7.92 0.997822 -0.633646 0.248514 0.456398 0.575495 -nan -nan
7.96 0.994385 -0.633373 0.248707 0.457941 0.577022 -nan -nan
8 0.989358 -0.633048 0.248533 0.458811 0.57767 -nan -nan
8.04 0.982748 -0.63267 0.247975 0.45899 0.577424 -nan -nan
8.08 0.974566 -0.632239 0.247021 0.458458 0.576267 -nan -nan
8.12 0.964825 -0.631754 0.245655 0.457201 0.574185 -nan -nan
8.16 0.953541 -0.631216 0.243862 0.455201 0.571163 -nan -nan
8.2 0.940731 -0.630624 0.241628 0.452443 0.56719 -nan -nan
8.24 0.926416 -0.629978 0.238938 0.448911 0.562254 -nan -nan
8.28 0.910618 -0.629278 0.235777 0.444591 0.556345 -nan -nan
8.32 0.893365 -0.628523 0.23213 0.439469 0.549452 -nan -nan
8.36 0.874681 -0.627714 0.227982 0.433531 0.541569 -nan -nan
8.4 0.854599 -0.626849 0.223318 0.426766 0.532689 -nan -nan
8.44 0.83315 -0.625929 0.218124 0.41916 0.522804 -nan -nan
8.48 0.810367 -0.624953 0.212384 0.410705 0.511913 -nan -nan
8.52 0.786288 -0.623921 0.206082 0.401388 0.500011 -nan -nan
8.56 0.760951 -0.622833 0.199206 0.391201 0.487097 -nan -nan
8.6 0.734397 -0.621688 0.191739 0.380136 0.47317 -nan -nan
8.64 0.706668 -0.620487 0.183666 0.368185 0.458232 -nan -nan
8.68 0.677808 -0.619229 0.174973 0.355342 0.442286 -nan -nan
8.72 0.647865 -0.617914 0.165646 0.341601 0.425335 -nan -nan
8.76 0.616884 -0.616541 0.155669 0.326957 0.407384 -nan -nan
8.8 0.584917 -0.61511 0.145029 0.311408 0.388442 -nan -nan
8.84 0.552014 -0.613621 0.13371 0.29495 0.368514 -nan -nan
8.88 0.518228 -0.612075 0.1217 0.277582 0.347613 -nan -nan
8.92 0.483613 -0.610469 0.108984 0.259305 0.32575 -nan -nan
8.96 0.448224 -0.608805 0.0955475 0.240117 0.302936 -nan -nan
9 0.412118 -0.607081 0.0813783 0.220024 0.279187 -nan -nan
9.04 0.375353 -0.605298 0.066462 0.199026 0.254519 -nan -nan
9.08 0.337988 -0.603456 0.0507865 0.17713 0.228949 -nan -nan
9.12 0.300081 -0.601554 0.0343387 0.154341 0.202498 -nan -nan
9.16 0.261695 -0.599591 0.0171054 0.130665 0.175184 -nan -nan
9.2 0.22289 -0.597569 -0.000924501 0.106111 0.147031 -nan -nan
9.24 0.183729 -0.595485 -0.0197639 0.080689 0.118063 -nan -nan
9.28 0.144273 -0.593341 -0.0394232 0.0544105 0.0883053 -nan -nan
9.32 0.104587 -0.591135 -0.059914 0.0272873 0.0577853 -nan -nan
9.36 0.064733 -0.588868 -0.0812479 -0.000667502 0.0265304 -nan -nan
9.4 0.0247758 -0.586539 -0.103434 -0.0294371 -0.00542718 -nan -nan
9.44 -0.015221 -0.584148 -0.126483 -0.0590066 -0.0380576 -nan -nan
9.48 -0.0551935 -0.581695 -0.150403 -0.089356 -0.0713256 -nan -nan
9.52 -0.0950787 -0.57918 -0.175205 -0.120468 -0.105198 -nan -nan
9.56 -0.134811 -0.576601 -0.200897 -0.15232 -0.139638 -nan -nan
9.6 -0.174327 -0.57396 -0.227485 -0.184889 -0.174606 -nan -nan
9.64 -0.213565 -0.571256 -0.254977 -0.218151 -0.210064 -nan -nan
9.68 -0.252461 -0.568487 -0.283382 -0.252083 -0.245971 -nan -nan
9.72 -0.290953 -0.565655 -0.312703 -0.286655 -0.282285 -nan -nan
9.76 -0.328979 -0.562759 -0.342949 -0.321841 -0.318962 -nan -nan
9.8 -0.366479 -0.559798 -0.374121 -0.357608 -0.355956 -nan -nan
9.84 -0.403393 -0.556773 -0.406225 -0.393926 -0.393221 -nan -nan
9.88 -0.439662 -0.553683 -0.439266 -0.430763 -0.430711 -nan -nan
9.92 -0.475227 -0.550528 -0.473243 -0.468082 -0.468374 -nan -nan
9.96 -0.510032 -0.547307 -0.508162 -0.505848 -0.506162 -nan -nan
10 -0.544021 -0.544021 -0.544021 -0.544021 -0.544021 -nan -nan
