0 1 1 1 1 1 1 1
0.001 0.607531 0.607531 0.607531 0.607531 0.601 0.667667 0.607531
0.002 0.369879 0.362816 0.395469 0.403633 0.362 0.446444 0.358531
0.003 0.22613 0.264226 0.216061 0.255041 0.219 0.299296 0.207898
0.004 0.139335 -0.120094 0.184408 0.167418 0.1336 0.201531 0.119765
0.005 0.087085 1.79447 0.0376533 0.108865 0.08276 0.136687 0.0695408
0.006 0.055787 -11.2272 0.153755 0.0728208 0.052656 0.0937915 0.0415995
0.007 0.0371973 74.5641 -0.108101 0.0496713 0.0349935 0.0655276 0.0264642
0.008 0.0263156 -492.267 0.270856 0.035373 0.0247961 0.0470184 0.0185643
0.009 0.0201089 3251.89 -0.368958 0.026511 0.0190776 0.0350122 0.0146982
0.01 0.0167378 -21480.4 0.650814 0.0212209 0.0160465 0.0273414 0.0130571
0.011 0.0150865 141890 -1.00777 0.0181828 0.0146277 0.0225608 0.0126324
0.012 0.0144785 -937260 1.67158 0.0166007 0.0141765 0.019707 0.0128681
0.013 0.0145031 6.19112e+06 -2.66536 0.0159456 0.0143057 0.0181379 0.0134598
0.014 0.0149114 -4.08958e+07 4.35194 0.0158863 0.0147832 0.017425 0.0142426
0.015 0.0155525 2.70139e+08 -7.0013 0.0162076 0.0154696 0.0172831 0.0151275
0.016 0.0163348 -1.78442e+09 11.3702 0.0167731 0.0162814 0.0175217 0.0160666
0.017 0.0172026 1.17871e+10 -18.3535 0.0174947 0.0171684 0.0180141 0.0170344
0.018 0.0181224 -7.786e+10 29.7428 0.0183163 0.0181006 0.0186757 0.0180175
0.019 0.0190737 5.14309e+11 -48.0763 0.0192021 0.0190598 0.0194499 0.0190085
0.02 0.0200441 -3.39729e+12 77.8401 0.0201288 0.0200352 0.0202994 0.0200037
0.021 0.021026 2.2441e+13 -125.894 0.0210818 0.0210204 0.0211989 0.0210011
0.022 0.0220149 -1.48235e+14 203.757 0.0220516 0.0220114 0.0221319 0.0219996
0.023 0.0230081 9.79174e+14 -329.628 0.0230321 0.0230059 0.0230871 0.0229987
0.024 0.0240038 -6.46799e+15 533.41 0.0240196 0.0240024 0.0240571 0.0239981
0.025 0.0250011 4.27246e+16 -863.012 0.0250114 0.0250002 0.025037 0.0249976
0.026 0.0259993 -2.8222e+17 1396.45 0.026006 0.0259988 0.0260234 0.0259972
0.027 0.0269981 1.86422e+18 -2259.43 0.0270025 0.0269977 0.0270143 0.0269968
0.028 0.0279972 -1.23142e+19 3655.91 0.028 0.027997 0.028008 0.0279964
0.029 0.0289964 8.13419e+19 -5915.32 0.0289983 0.0289963 0.0290037 0.0289959
0.03 0.0299958 -5.37308e+20 9571.26 0.029997 0.0299957 0.0300007 0.0299955
0.031 0.0309952 3.54922e+21 -15486.5 0.030996 0.0309952 0.0309985 0.030995
0.032 0.0319947 -2.34445e+22 25057.8 0.0319952 0.0319946 0.0319968 0.0319945
0.033 0.0329941 1.54864e+23 -40544.3 0.0329944 0.0329941 0.0329955 0.032994
0.034 0.0339935 -1.02296e+24 65602.2 0.0339937 0.0339935 0.0339944 0.0339934
0.035 0.0349929 6.75723e+24 -106147 0.034993 0.0349929 0.0349935 0.0349929
0.036 0.0359922 -4.46352e+25 171749 0.0359923 0.0359922 0.0359926 0.0359922
0.037 0.0369916 2.9484e+26 -277895 0.0369916 0.0369916 0.0369918 0.0369916
0.038 0.0379909 -1.94758e+27 449644 0.0379909 0.0379909 0.037991 0.0379909
0.039 0.0389901 1.28649e+28 -727539 0.0389901 0.0389901 0.0389902 0.0389901
0.04 0.0399893 -8.49795e+28 1.17718e+06 0.0399894 0.0399893 0.0399894 0.0399893
0.041 0.0409885 5.61336e+29 -1.90472e+06 0.0409885 0.0409885 0.0409885 0.0409885
0.042 0.0419877 -3.70794e+30 3.08191e+06 0.0419877 0.0419877 0.0419877 0.0419877
0.043 0.0429868 2.4493e+31 -4.98663e+06 0.0429868 0.0429868 0.0429867 0.0429867
0.044 0.0439858 -1.6179e+32 8.06854e+06 0.0439858 0.0439858 0.0439858 0.0439858
0.045 0.0449848 1.06871e+33 -1.30552e+07 0.0449848 0.0449848 0.0449848 0.0449848
0.046 0.0459838 -7.05941e+33 2.11237e+07 0.0459838 0.0459838 0.0459837 0.0459838
0.047 0.0469827 4.66313e+34 -3.41789e+07 0.0469827 0.0469827 0.0469827 0.0469827
0.048 0.0479816 -3.08026e+35 5.53026e+07 0.0479816 0.0479816 0.0479815 0.0479816
0.049 0.0489804 2.03468e+36 -8.94814e+07 0.0489804 0.0489804 0.0489803 0.0489804
0.05 0.0499792 -1.34402e+37 1.44784e+08 0.0499792 0.0499792 0.0499791 0.0499792
0.051 0.0509779 8.87797e+37 -2.34265e+08 0.0509779 0.0509779 0.0509778 0.0509779
0.052 0.0519766 -5.86439e+38 3.79049e+08 0.0519766 0.0519766 0.0519765 0.0519766
0.053 0.0529752 3.87375e+39 -6.13315e+08 0.0529752 0.0529752 0.0529751 0.0529752
0.054 0.0539738 -2.55883e+40 9.92364e+08 0.0539738 0.0539738 0.0539737 0.0539738
0.055 0.0549723 1.69025e+41 -1.60568e+09 0.0549723 0.0549723 0.0549722 0.0549723
0.056 0.0559707 -1.1165e+42 2.59804e+09 0.0559707 0.0559707 0.0559707 0.0559707
0.057 0.0569691 7.37511e+42 -4.20372e+09 0.0569691 0.0569691 0.0569691 0.0569691
0.058 0.0579675 -4.87166e+43 6.80177e+09 0.0579675 0.0579675 0.0579674 0.0579675
0.059 0.0589658 3.218e+44 -1.10055e+10 0.0589658 0.0589658 0.0589657 0.0589658
0.06 0.059964 -2.12567e+45 1.78073e+10 0.059964 0.059964 0.0599639 0.059964
0.061 0.0609622 1.40412e+46 -2.88127e+10 0.0609622 0.0609622 0.0609621 0.0609622
0.062 0.0619603 -9.27499e+46 4.662e+10 0.0619603 0.0619603 0.0619602 0.0619603
0.063 0.0629583 6.12665e+47 -7.54327e+10 0.0629583 0.0629583 0.0629583 0.0629583
0.064 0.0639563 -4.04699e+48 1.22053e+11 0.0639563 0.0639563 0.0639563 0.0639563
0.065 0.0649542 2.67326e+49 -1.97485e+11 0.0649542 0.0649542 0.0649542 0.0649542
0.066 0.0659521 -1.76583e+50 3.19538e+11 0.0659521 0.0659521 0.065952 0.0659521
0.067 0.0669499 1.16643e+51 -5.17024e+11 0.0669499 0.0669499 0.0669498 0.0669499
0.068 0.0679476 -7.70492e+51 8.36562e+11 0.0679476 0.0679476 0.0679475 0.0679476
0.069 0.0689453 5.08952e+52 -1.35359e+12 0.0689453 0.0689453 0.0689452 0.0689453
0.07 0.0699428 -3.36191e+53 2.19015e+12 0.0699428 0.0699428 0.0699428 0.0699428
0.071 0.0709404 2.22073e+54 -3.54373e+12 0.0709404 0.0709404 0.0709403 0.0709404
0.072 0.0719378 -1.46691e+55 5.73388e+12 0.0719378 0.0719378 0.0719377 0.0719378
0.073 0.0729352 9.68977e+55 -9.27761e+12 0.0729352 0.0729352 0.0729351 0.0729352
0.074 0.0739325 -6.40063e+56 1.50115e+13 0.0739325 0.0739325 0.0739324 0.0739325
0.075 0.0749297 4.22797e+57 -2.42891e+13 0.0749297 0.0749297 0.0749296 0.0749297
0.076 0.0759269 -2.79281e+58 3.93006e+13 0.0759269 0.0759269 0.0759268 0.0759269
0.077 0.0769239 1.8448e+59 -6.35897e+13 0.0769239 0.0769239 0.0769239 0.0769239
0.078 0.0779209 -1.21859e+60 1.0289e+14 0.0779209 0.0779209 0.0779209 0.0779209
0.079 0.0789179 8.04948e+60 -1.6648e+14 0.0789179 0.0789179 0.0789178 0.0789179
0.08 0.0799147 -5.31713e+61 2.6937e+14 0.0799147 0.0799147 0.0799146 0.0799147
0.081 0.0809115 3.51225e+62 -4.3585e+14 0.0809115 0.0809115 0.0809114 0.0809115
0.082 0.0819081 -2.32004e+63 7.05221e+14 0.0819081 0.0819081 0.0819081 0.0819081
0.083 0.0829047 1.53251e+64 -1.14107e+15 0.0829047 0.0829047 0.0829047 0.0829047
0.084 0.0839013 -1.01231e+65 1.84629e+15 0.0839013 0.0839013 0.0839012 0.0839013
0.085 0.0848977 6.68686e+65 -2.98736e+15 0.0848977 0.0848977 0.0848976 0.0848977
0.086 0.085894 -4.41704e+66 4.83365e+15 0.085894 0.085894 0.0858939 0.085894
0.087 0.0868903 2.9177e+67 -7.82102e+15 0.0868903 0.0868903 0.0868902 0.0868903
0.088 0.0878865 -1.9273e+68 1.26547e+16 0.0878865 0.0878865 0.0878864 0.0878865
0.089 0.0888826 1.27309e+69 -2.04757e+16 0.0888826 0.0888826 0.0888825 0.0888826
0.09 0.0898785 -8.40945e+69 3.31304e+16 0.0898786 0.0898785 0.0898785 0.0898785
0.091 0.0908745 5.55491e+70 -5.36061e+16 0.0908745 0.0908745 0.0908744 0.0908745
0.092 0.0918703 -3.66932e+71 8.67364e+16 0.0918703 0.0918703 0.0918702 0.0918703
0.093 0.092866 2.42379e+72 -1.40342e+17 0.092866 0.092866 0.0928659 0.092866
0.094 0.0938616 -1.60105e+73 2.27079e+17 0.0938616 0.0938616 0.0938615 0.0938616
0.095 0.0948572 1.05758e+74 -3.67421e+17 0.0948572 0.0948572 0.0948571 0.0948572
0.096 0.0958526 -6.98589e+74 5.945e+17 0.0958526 0.0958526 0.0958525 0.0958526
0.097 0.096848 4.61457e+75 -9.61922e+17 0.096848 0.096848 0.0968479 0.096848
0.098 0.0978432 -3.04818e+76 1.55642e+18 0.0978432 0.0978432 0.0978431 0.0978432
0.099 0.0988384 2.01349e+77 -2.51834e+18 0.0988384 0.0988384 0.0988383 0.0988384
0.1 0.0998334 -1.33002e+78 4.07477e+18 0.0998334 0.0998334 0.0998333 0.0998334
0.101 0.100828 8.78552e+78 -6.59311e+18 0.100828 0.100828 0.100828 0.100828
0.102 0.101823 -5.80332e+79 1.06679e+19 0.101823 0.101823 0.101823 0.101823
0.103 0.102818 3.83341e+80 -1.7261e+19 0.102818 0.102818 0.102818 0.102818
0.104 0.103813 -2.53218e+81 2.79289e+19 0.103813 0.103813 0.103813 0.103813
0.105 0.104807 1.67264e+82 -4.51898e+19 0.104807 0.104807 0.104807 0.104807
0.106 0.105802 -1.10487e+83 7.31187e+19 0.105802 0.105802 0.105802 0.105802
0.107 0.106796 7.2983e+83 -1.18309e+20 0.106796 0.106796 0.106796 0.106796
0.108 0.10779 -4.82093e+84 1.91427e+20 0.10779 0.10779 0.10779 0.10779
0.109 0.108784 3.18449e+85 -3.09736e+20 0.108784 0.108784 0.108784 0.108784
0.11 0.109778 -2.10353e+86 5.01163e+20 0.109778 0.109778 0.109778 0.109778
0.111 0.110772 1.3895e+87 -8.10899e+20 0.110772 0.110772 0.110772 0.110772
0.112 0.111766 -9.1784e+87 1.31206e+21 0.111766 0.111766 0.111766 0.111766
0.113 0.11276 6.06284e+88 -2.12296e+21 0.11276 0.11276 0.11276 0.11276
0.114 0.113753 -4.00484e+89 3.43502e+21 0.113753 0.113753 0.113753 0.113753
0.115 0.114747 2.64542e+90 -5.55798e+21 0.114747 0.114747 0.114747 0.114747
0.116 0.11574 -1.74744e+91 8.993e+21 0.11574 0.11574 0.11574 0.11574
0.117 0.116733 1.15428e+92 -1.4551e+22 0.116733 0.116733 0.116733 0.116733
0.118 0.117726 -7.62468e+92 2.3544e+22 0.117726 0.117726 0.117726 0.117726
0.119 0.118719 5.03652e+93 -3.8095e+22 0.118719 0.118719 0.118719 0.118719
0.12 0.119712 -3.3269e+94 6.1639e+22 0.119712 0.119712 0.119712 0.119712
0.121 0.120705 2.1976e+95 -9.97339e+22 0.120705 0.120705 0.120705 0.120705
0.122 0.121698 -1.45164e+96 1.61373e+23 0.121698 0.121698 0.121697 0.121698
0.123 0.12269 9.58886e+96 -2.61107e+23 0.12269 0.12269 0.12269 0.12269
0.124 0.123682 -6.33397e+97 4.2248e+23 0.123682 0.123682 0.123682 0.123682
0.125 0.124675 4.18394e+98 -6.83587e+23 0.124675 0.124675 0.124675 0.124675
0.126 0.125667 -2.76372e+99 1.10607e+24 0.125667 0.125667 0.125667 0.125667
0.127 0.126659 1.82559e+100 -1.78965e+24 0.126659 0.126659 0.126659 0.126659
0.128 0.127651 -1.2059e+101 2.89572e+24 0.127651 0.127651 0.127651 0.127651
0.129 0.128643 7.96565e+101 -4.68537e+24 0.128643 0.128643 0.128642 0.128643
0.13 0.129634 -5.26175e+102 7.58109e+24 0.129634 0.129634 0.129634 0.129634
0.131 0.130626 3.47568e+103 -1.22665e+25 0.130626 0.130626 0.130626 0.130626
0.132 0.131617 -2.29588e+104 1.98476e+25 0.131617 0.131617 0.131617 0.131617
0.133 0.132608 1.51655e+105 -3.2114e+25 0.132608 0.132608 0.132608 0.132608
0.134 0.133599 -1.00177e+106 5.19616e+25 0.133599 0.133599 0.133599 0.133599
0.135 0.13459 6.61722e+106 -8.40756e+25 0.13459 0.13459 0.13459 0.13459
0.136 0.135581 -4.37104e+107 1.36037e+26 0.135581 0.135581 0.135581 0.135581
0.137 0.136572 2.88731e+108 -2.20113e+26 0.136572 0.136572 0.136572 0.136572
0.138 0.137562 -1.90723e+109 3.5615e+26 0.137562 0.137562 0.137562 0.137562
0.139 0.138553 1.25983e+110 -5.76263e+26 0.138553 0.138553 0.138553 0.138553
0.14 0.139543 -8.32187e+110 9.32413e+26 0.139543 0.139543 0.139543 0.139543
0.141 0.140533 5.49705e+111 -1.50868e+27 0.140533 0.140533 0.140533 0.140533
0.142 0.141523 -3.63111e+112 2.44109e+27 0.141523 0.141523 0.141523 0.141523
0.143 0.142513 2.39855e+113 -3.94976e+27 0.142513 0.142513 0.142513 0.142513
0.144 0.143503 -1.58437e+114 6.39085e+27 0.143503 0.143503 0.143503 0.143503
0.145 0.144492 1.04657e+115 -1.03406e+28 0.144492 0.144492 0.144492 0.144492
0.146 0.145482 -6.91314e+115 1.67315e+28 0.145482 0.145482 0.145482 0.145482
0.147 0.146471 4.56651e+116 -2.70721e+28 0.146471 0.146471 0.146471 0.146471
0.148 0.14746 -3.01643e+117 4.38035e+28 0.14746 0.14746 0.14746 0.14746
0.149 0.148449 1.99252e+118 -7.08756e+28 0.148449 0.148449 0.148449 0.148449
0.15 0.149438 -1.31617e+119 1.14679e+29 0.149438 0.149438 0.149438 0.149438
0.151 0.150427 8.69402e+119 -1.85555e+29 0.150427 0.150427 0.150427 0.150427
0.152 0.151415 -5.74288e+120 3.00234e+29 0.151415 0.151415 0.151415 0.151415
0.153 0.152404 3.79349e+121 -4.85789e+29 0.152404 0.152404 0.152404 0.152404
0.154 0.153392 -2.50581e+122 7.86023e+29 0.153392 0.153392 0.153392 0.153392
0.155 0.15438 1.65522e+123 -1.27181e+30 0.15438 0.15438 0.15438 0.15438
0.156 0.155368 -1.09337e+124 2.05783e+30 0.155368 0.155368 0.155368 0.155368
0.157 0.156356 7.22229e+124 -3.32965e+30 0.156356 0.156356 0.156356 0.156356
0.158 0.157343 -4.77072e+125 5.38748e+30 0.157343 0.157343 0.157343 0.157343
0.159 0.158331 3.15133e+126 -8.71713e+30 0.158331 0.158331 0.158331 0.158331
0.16 0.159318 -2.08162e+127 1.41046e+31 0.159318 0.159318 0.159318 0.159318
0.161 0.160305 1.37503e+128 -2.28217e+31 0.160305 0.160305 0.160305 0.160305
0.162 0.161292 -9.08282e+128 3.69263e+31 0.161292 0.161292 0.161292 0.161292
0.163 0.162279 5.9997e+129 -5.97481e+31 0.162279 0.162279 0.162279 0.162279
0.164 0.163266 -3.96313e+130 9.66744e+31 0.163266 0.163266 0.163266 0.163266
0.165 0.164252 2.61787e+131 -1.56422e+32 0.164252 0.164252 0.164252 0.164252
0.166 0.165239 -1.72925e+132 2.53097e+32 0.165239 0.165239 0.165239 0.165239
0.167 0.166225 1.14226e+133 -4.09519e+32 0.166225 0.166225 0.166225 0.166225
0.168 0.167211 -7.54527e+133 6.62616e+32 0.167211 0.167211 0.167211 0.167211
0.169 0.168197 4.98407e+134 -1.07214e+33 0.168197 0.168197 0.168197 0.168197
0.17 0.169182 -3.29225e+135 1.73475e+33 0.169182 0.169182 0.169182 0.169182
0.171 0.170168 2.17471e+136 -2.80689e+33 0.170168 0.170168 0.170168 0.170168
0.172 0.171153 -1.43652e+137 4.54164e+33 0.171153 0.171153 0.171153 0.171153
0.173 0.172138 9.489e+137 -7.34853e+33 0.172138 0.172138 0.172138 0.172138
0.174 0.173123 -6.268e+138 1.18902e+34 0.173123 0.173123 0.173123 0.173123
0.175 0.174108 4.14036e+139 -1.92387e+34 0.174108 0.174108 0.174108 0.174108
0.176 0.175093 -2.73494e+140 3.11289e+34 0.175093 0.175093 0.175093 0.175093
0.177 0.176077 1.80658e+141 -5.03676e+34 0.176077 0.176077 0.176077 0.176077
0.178 0.177062 -1.19334e+142 8.14964e+34 0.177062 0.177062 0.177061 0.177062
0.179 0.178046 7.88269e+142 -1.31864e+35 0.178046 0.178046 0.178045 0.178046
0.18 0.17903 -5.20695e+143 2.1336e+35 0.17903 0.17903 0.179029 0.17903
0.181 0.180013 3.43948e+144 -3.45224e+35 0.180013 0.180013 0.180013 0.180013
0.182 0.180997 -2.27197e+145 5.58585e+35 0.180997 0.180997 0.180997 0.180997
0.183 0.18198 1.50076e+146 -9.03809e+35 0.18198 0.18198 0.18198 0.18198
0.184 0.182964 -9.91334e+146 1.46239e+36 0.182964 0.182964 0.182963 0.182964
0.185 0.183947 6.54831e+147 -2.3662e+36 0.183947 0.183947 0.183946 0.183947
0.186 0.184929 -4.32552e+148 3.8286e+36 0.184929 0.184929 0.184929 0.184929
0.187 0.185912 2.85724e+149 -6.1948e+36 0.185912 0.185912 0.185912 0.185912
0.188 0.186895 -1.88737e+150 1.00234e+37 0.186895 0.186895 0.186894 0.186895
0.189 0.187877 1.24671e+151 -1.62182e+37 0.187877 0.187877 0.187877 0.187877
0.19 0.188859 -8.2352e+151 2.62416e+37 0.188859 0.188859 0.188859 0.188859
0.191 0.189841 5.43981e+152 -4.24598e+37 0.189841 0.189841 0.189841 0.189841
0.192 0.190823 -3.59329e+153 6.87014e+37 0.190823 0.190823 0.190822 0.190823
0.193 0.191804 2.37357e+154 -1.11161e+38 0.191804 0.191804 0.191804 0.191804
0.194 0.192785 -1.56787e+155 1.79863e+38 0.192785 0.192785 0.192785 0.192785
0.195 0.193767 1.03567e+156 -2.91024e+38 0.193767 0.193767 0.193766 0.193767
0.196 0.194747 -6.84114e+156 4.70886e+38 0.194747 0.194747 0.194747 0.194747
0.197 0.195728 4.51895e+157 -7.6191e+38 0.195728 0.195728 0.195728 0.195728
0.198 0.196709 -2.98502e+158 1.2328e+39 0.196709 0.196709 0.196709 0.196709
0.199 0.197689 1.97177e+159 -1.99471e+39 0.197689 0.197689 0.197689 0.197689
0.2 0.198669 -1.30246e+160 3.2275e+39 0.198669 0.198669 0.198669 0.198669
0.201 0.199649 8.60348e+160 -5.22221e+39 0.199649 0.199649 0.199649 0.199649
0.202 0.200629 -5.68307e+161 8.44971e+39 0.200629 0.200629 0.200629 0.200629
0.203 0.201609 3.75398e+162 -1.36719e+40 0.201609 0.201609 0.201608 0.201609
0.204 0.202588 -2.47971e+163 2.21216e+40 0.202588 0.202588 0.202588 0.202588
0.205 0.203567 1.63799e+164 -3.57936e+40 0.203567 0.203567 0.203567 0.203567
0.206 0.204546 -1.08198e+165 5.79152e+40 0.204546 0.204546 0.204546 0.204546
0.207 0.205525 7.14708e+165 -9.37087e+40 0.205525 0.205525 0.205525 0.205525
0.208 0.206503 -4.72104e+166 1.51624e+41 0.206503 0.206503 0.206503 0.206503
0.209 0.207482 3.11851e+167 -2.45333e+41 0.207482 0.207482 0.207482 0.207482
0.21 0.20846 -2.05995e+168 3.96957e+41 0.20846 0.20846 0.20846 0.20846
0.211 0.209438 1.36071e+169 -6.42289e+41 0.209438 0.209438 0.209438 0.209438
0.212 0.210416 -8.98822e+169 1.03925e+42 0.210416 0.210416 0.210415 0.210416
0.213 0.211393 5.93722e+170 -1.68154e+42 0.211393 0.211393 0.211393 0.211393
0.214 0.21237 -3.92186e+171 2.72078e+42 0.21237 0.21237 0.21237 0.21237
0.215 0.213347 2.5906e+172 -4.40232e+42 0.213347 0.213347 0.213347 0.213347
0.216 0.214324 -1.71124e+173 7.1231e+42 0.214324 0.214324 0.214324 0.214324
0.217 0.215301 1.13037e+174 -1.15254e+43 0.215301 0.215301 0.215301 0.215301
0.218 0.216277 -7.46669e+174 1.86485e+43 0.216277 0.216277 0.216277 0.216277
0.219 0.217254 4.93216e+175 -3.01739e+43 0.217254 0.217254 0.217253 0.217254
0.22 0.21823 -3.25797e+176 4.88224e+43 0.21823 0.21823 0.218229 0.21823
0.221 0.219205 2.15207e+177 -7.89964e+43 0.219205 0.219205 0.219205 0.219205
0.222 0.220181 -1.42156e+178 1.27819e+44 0.220181 0.220181 0.220181 0.220181
0.223 0.221156 9.39017e+178 -2.06815e+44 0.221156 0.221156 0.221156 0.221156
0.224 0.222131 -6.20273e+179 3.34634e+44 0.222131 0.222131 0.222131 0.222131
0.225 0.223106 4.09724e+180 -5.41449e+44 0.223106 0.223106 0.223106 0.223106
0.226 0.224081 -2.70646e+181 8.76083e+44 0.224081 0.224081 0.224081 0.224081
0.227 0.225056 1.78776e+182 -1.41753e+45 0.225056 0.225056 0.225055 0.225056
0.228 0.22603 -1.18092e+183 2.29362e+45 0.22603 0.22603 0.22603 0.22603
0.229 0.227004 7.8006e+183 -3.71115e+45 0.227004 0.227004 0.227004 0.227004
0.23 0.227978 -5.15273e+184 6.00476e+45 0.227978 0.227978 0.227977 0.227978
0.231 0.228951 3.40366e+185 -9.71591e+45 0.228951 0.228951 0.228951 0.228951
0.232 0.229924 -2.24831e+186 1.57207e+46 0.229924 0.229924 0.229924 0.229924
0.233 0.230897 1.48513e+187 -2.54366e+46 0.230897 0.230897 0.230897 0.230897
0.234 0.23187 -9.8101e+187 4.11573e+46 0.23187 0.23187 0.23187 0.23187
0.235 0.232843 6.48011e+188 -6.65938e+46 0.232843 0.232843 0.232843 0.232843
0.236 0.233815 -4.28047e+189 1.07751e+47 0.233815 0.233815 0.233815 0.233815
0.237 0.234788 2.82749e+190 -1.74345e+47 0.234788 0.234788 0.234787 0.234788
0.238 0.235759 -1.86771e+191 2.82096e+47 0.235759 0.235759 0.235759 0.235759
0.239 0.236731 1.23373e+192 -4.56441e+47 0.236731 0.236731 0.236731 0.236731
0.24 0.237703 -8.14944e+192 7.38537e+47 0.237703 0.237703 0.237702 0.237703
0.241 0.238674 5.38315e+193 -1.19498e+48 0.238674 0.238674 0.238674 0.238674
0.242 0.239645 -3.55587e+194 1.93351e+48 0.239645 0.239645 0.239645 0.239645
0.243 0.240616 2.34885e+195 -3.12849e+48 0.240616 0.240616 0.240615 0.240616
0.244 0.241586 -1.55154e+196 5.06201e+48 0.241586 0.241586 0.241586 0.241586
0.245 0.242556 1.02488e+197 -8.1905e+48 0.242556 0.242556 0.242556 0.242556
0.246 0.243526 -6.7699e+197 1.32525e+49 0.243526 0.243526 0.243526 0.243526
0.247 0.244496 4.47189e+198 -2.1443e+49 0.244496 0.244496 0.244496 0.244496
0.248 0.245466 -2.95393e+199 3.46955e+49 0.245466 0.245466 0.245465 0.245466
0.249 0.246435 1.95123e+200 -5.61385e+49 0.246435 0.246435 0.246435 0.246435
0.25 0.247404 -1.2889e+201 9.0834e+49 0.247404 0.247404 0.247404 0.247404
0.251 0.248373 8.51388e+201 -1.46973e+50 0.248373 0.248373 0.248373 0.248373
0.252 0.249341 -5.62389e+202 2.37807e+50 0.249341 0.249341 0.249341 0.249341
0.253 0.25031 3.71489e+203 -3.84779e+50 0.25031 0.25031 0.250309 0.25031
0.254 0.251278 -2.45389e+204 6.22586e+50 0.251278 0.251278 0.251277 0.251278
0.255 0.252245 1.62093e+205 -1.00736e+51 0.252245 0.252245 0.252245 0.252245
0.256 0.253213 -1.07071e+206 1.62995e+51 0.253213 0.253213 0.253213 0.253213
0.257 0.25418 7.07265e+206 -2.63732e+51 0.25418 0.25418 0.25418 0.25418
0.258 0.255147 -4.67187e+207 4.26727e+51 0.255147 0.255147 0.255147 0.255147
0.259 0.256114 3.08603e+208 -6.90458e+51 0.256114 0.256114 0.256114 0.256114
0.26 0.257081 -2.03849e+209 1.11718e+52 0.257081 0.257081 0.25708 0.257081
0.261 0.258047 1.34654e+210 -1.80764e+52 0.258047 0.258047 0.258047 0.258047
0.262 0.259013 -8.89462e+210 2.92483e+52 0.259013 0.259013 0.259013 0.259013
0.263 0.259979 5.87539e+211 -4.73247e+52 0.259979 0.259979 0.259978 0.259979
0.264 0.260944 -3.88102e+212 7.6573e+52 0.260944 0.260944 0.260944 0.260944
0.265 0.261909 2.56362e+213 -1.23898e+53 0.261909 0.261909 0.261909 0.261909
0.266 0.262874 -1.69342e+214 2.00471e+53 0.262874 0.262874 0.262874 0.262874
0.267 0.263839 1.11859e+215 -3.24368e+53 0.263839 0.263839 0.263839 0.263839
0.268 0.264803 -7.38893e+215 5.24839e+53 0.264803 0.264803 0.264803 0.264803
0.269 0.265768 4.8808e+216 -8.49207e+53 0.265768 0.265768 0.265767 0.265768
0.27 0.266731 -3.22404e+217 1.37405e+54 0.266731 0.266731 0.266731 0.266731
0.271 0.267695 2.12965e+218 -2.22325e+54 0.267695 0.267695 0.267695 0.267695
0.272 0.268658 -1.40675e+219 3.5973e+54 0.268658 0.268658 0.268658 0.268658
0.273 0.269622 9.29238e+219 -5.82055e+54 0.269622 0.269622 0.269621 0.269622
0.274 0.270584 -6.13813e+220 9.41785e+54 0.270584 0.270584 0.270584 0.270584
0.275 0.271547 4.05457e+221 -1.52384e+55 0.271547 0.271547 0.271547 0.271547
0.276 0.272509 -2.67827e+222 2.46563e+55 0.272509 0.272509 0.272509 0.272509
0.277 0.273471 1.76914e+223 -3.98947e+55 0.273471 0.273471 0.273471 0.273471
0.278 0.274433 -1.16862e+224 6.45509e+55 0.274433 0.274433 0.274433 0.274433
0.279 0.275394 7.71936e+224 -1.04446e+56 0.275394 0.275394 0.275394 0.275394
0.28 0.276356 -5.09906e+225 1.68997e+56 0.276356 0.276356 0.276355 0.276356
0.281 0.277317 3.36821e+226 -2.73442e+56 0.277317 0.277317 0.277316 0.277317
0.282 0.278277 -2.22489e+227 4.42439e+56 0.278277 0.278277 0.278277 0.278277
0.283 0.279238 1.46966e+228 -7.15881e+56 0.279238 0.279238 0.279237 0.279238
0.284 0.280198 -9.70793e+228 1.15832e+57 0.280198 0.280198 0.280197 0.280198
0.285 0.281157 6.41263e+229 -1.8742e+57 0.281157 0.281157 0.281157 0.281157
0.286 0.282117 -4.23589e+230 3.03252e+57 0.282117 0.282117 0.282117 0.282117
0.287 0.283076 2.79804e+231 -4.90672e+57 0.283076 0.283076 0.283076 0.283076
0.288 0.284035 -1.84826e+232 7.93924e+57 0.284035 0.284035 0.284035 0.284035
0.289 0.284994 1.22088e+233 -1.2846e+58 0.284994 0.284994 0.284994 0.284994
0.29 0.285952 -8.06457e+233 2.07852e+58 0.285952 0.285952 0.285952 0.285952
0.291 0.28691 5.32709e+234 -3.36312e+58 0.28691 0.28691 0.28691 0.28691
0.292 0.287868 -3.51884e+235 5.44164e+58 0.287868 0.287868 0.287868 0.287868
0.293 0.288826 2.32439e+236 -8.80475e+58 0.288826 0.288826 0.288825 0.288826
0.294 0.289783 -1.53539e+237 1.42464e+59 0.289783 0.289783 0.289783 0.289783
0.295 0.29074 1.01421e+238 -2.30511e+59 0.29074 0.29074 0.29074 0.29074
0.296 0.291697 -6.6994e+238 3.72975e+59 0.291697 0.291697 0.291696 0.291697
0.297 0.292653 4.42532e+239 -6.03487e+59 0.292653 0.292653 0.292653 0.292653
0.298 0.293609 -2.92317e+240 9.76462e+59 0.293609 0.293609 0.293609 0.293609
0.299 0.294565 1.93091e+241 -1.57995e+60 0.294565 0.294565 0.294564 0.294565
0.3 0.29552 -1.27547e+242 2.55641e+60 0.29552 0.29552 0.29552 0.29552
0.301 0.296475 8.42521e+242 -4.13636e+60 0.296475 0.296475 0.296475 0.296475
0.302 0.29743 -5.56532e+243 6.69277e+60 0.29743 0.29743 0.29743 0.29743
0.303 0.298385 3.6762e+244 -1.08291e+61 0.298385 0.298385 0.298385 0.298385
0.304 0.299339 -2.42833e+245 1.75219e+61 0.299339 0.299339 0.299339 0.299339
0.305 0.300293 1.60405e+246 -2.8351e+61 0.300293 0.300293 0.300293 0.300293
0.306 0.301247 -1.05956e+247 4.58729e+61 0.301247 0.301247 0.301247 0.301247
0.307 0.3022 6.99899e+247 -7.4224e+61 0.3022 0.3022 0.3022 0.3022
0.308 0.303153 -4.62322e+248 1.20097e+62 0.303153 0.303153 0.303153 0.303153
0.309 0.304106 3.05389e+249 -1.94321e+62 0.304106 0.304106 0.304106 0.304106
0.31 0.305059 -2.01726e+250 3.14418e+62 0.305059 0.305059 0.305058 0.305059
0.311 0.306011 1.33251e+251 -5.08739e+62 0.306011 0.306011 0.306011 0.306011
0.312 0.306963 -8.80199e+251 8.23156e+62 0.306963 0.306963 0.306962 0.306963
0.313 0.307914 5.8142e+252 -1.33189e+63 0.307914 0.307914 0.307914 0.307914
0.314 0.308866 -3.8406e+253 2.15505e+63 0.308866 0.308866 0.308865 0.308866
0.315 0.309816 2.53693e+254 -3.48695e+63 0.309816 0.309816 0.309816 0.309816
0.316 0.310767 -1.67578e+255 5.642e+63 0.310767 0.310767 0.310767 0.310767
0.317 0.311717 1.10694e+256 -9.12894e+63 0.311717 0.311717 0.311717 0.311717
0.318 0.312667 -7.31198e+256 1.47709e+64 0.312667 0.312667 0.312667 0.312667
0.319 0.313617 4.82997e+257 -2.38999e+64 0.313617 0.313617 0.313617 0.313617
0.32 0.314567 -3.19046e+258 3.86708e+64 0.314567 0.314567 0.314566 0.314567
0.321 0.315516 2.10747e+259 -6.25707e+64 0.315516 0.315516 0.315515 0.315516
0.322 0.316464 -1.3921e+260 1.01242e+65 0.316464 0.316464 0.316464 0.316464
0.323 0.317413 9.19561e+260 -1.63812e+65 0.317413 0.317413 0.317413 0.317413
0.324 0.318361 -6.07421e+261 2.65054e+65 0.318361 0.318361 0.318361 0.318361
0.325 0.319309 4.01235e+262 -4.28866e+65 0.319309 0.319309 0.319308 0.319309
0.326 0.320256 -2.65038e+263 6.9392e+65 0.320256 0.320256 0.320256 0.320256
0.327 0.321203 1.75072e+264 -1.12279e+66 0.321203 0.321203 0.321203 0.321203
0.328 0.32215 -1.15645e+265 1.81671e+66 0.32215 0.32215 0.32215 0.32215
0.329 0.323097 7.63897e+265 -2.93949e+66 0.323097 0.323097 0.323097 0.323097
0.33 0.324043 -5.04596e+266 4.7562e+66 0.324043 0.324043 0.324043 0.324043
0.331 0.324989 3.33314e+267 -7.69569e+66 0.324989 0.324989 0.324989 0.324989
0.332 0.325934 -2.20172e+268 1.24519e+67 0.325934 0.325934 0.325934 0.325934
0.333 0.32688 1.45436e+269 -2.01476e+67 0.32688 0.32688 0.326879 0.32688
0.334 0.327825 -9.60683e+269 3.25995e+67 0.327825 0.327825 0.327824 0.327825
0.335 0.328769 6.34584e+270 -5.2747e+67 0.328769 0.328769 0.328769 0.328769
0.336 0.329713 -4.19178e+271 8.53465e+67 0.329713 0.329713 0.329713 0.329713
0.337 0.330657 2.7689e+272 -1.38094e+68 0.330657 0.330657 0.330657 0.330657
0.338 0.331601 -1.82901e+273 2.2344e+68 0.331601 0.331601 0.331601 0.331601
0.339 0.332544 1.20816e+274 -3.61534e+68 0.332544 0.332544 0.332544 0.332544
0.34 0.333487 -7.98058e+274 5.84974e+68 0.333487 0.333487 0.333487 0.333487
0.341 0.33443 5.27161e+275 -9.46507e+68 0.33443 0.33443 0.334429 0.33443
0.342 0.335372 -3.48219e+276 1.53148e+69 0.335372 0.335372 0.335372 0.335372
0.343 0.336314 2.30018e+277 -2.47799e+69 0.336314 0.336314 0.336314 0.336314
0.344 0.337255 -1.5194e+278 4.00947e+69 0.337255 0.337255 0.337255 0.337255
0.345 0.338197 1.00364e+279 -6.48746e+69 0.338197 0.338197 0.338196 0.338197
0.346 0.339138 -6.62963e+279 1.04969e+70 0.339138 0.339138 0.339137 0.339138
0.347 0.340078 4.37923e+280 -1.69844e+70 0.340078 0.340078 0.340078 0.340078
0.348 0.341018 -2.89272e+281 2.74813e+70 0.341018 0.341018 0.341018 0.341018
0.349 0.341958 1.9108e+282 -4.44657e+70 0.341958 0.341958 0.341958 0.341958
0.35 0.342898 -1.26219e+283 7.1947e+70 0.342898 0.342898 0.342897 0.342898
0.351 0.343837 8.33747e+283 -1.16413e+71 0.343837 0.343837 0.343837 0.343837
0.352 0.344776 -5.50736e+284 1.8836e+71 0.344776 0.344776 0.344776 0.344776
0.353 0.345714 3.63791e+285 -3.04772e+71 0.345714 0.345714 0.345714 0.345714
0.354 0.346653 -2.40304e+286 4.93132e+71 0.346653 0.346653 0.346652 0.346653
0.355 0.34759 1.58734e+287 -7.97904e+71 0.34759 0.34759 0.34759 0.34759
0.356 0.348528 -1.04853e+288 1.29104e+72 0.348528 0.348528 0.348527 0.348528
0.357 0.349465 6.9261e+288 -2.08894e+72 0.349465 0.349465 0.349465 0.349465
0.358 0.350402 -4.57507e+289 3.37998e+72 0.350402 0.350402 0.350401 0.350402
0.359 0.351338 3.02209e+290 -5.46892e+72 0.351338 0.351338 0.351338 0.351338
0.36 0.352274 -1.99625e+291 8.84889e+72 0.352274 0.352274 0.352274 0.352274
0.361 0.35321 1.31864e+292 -1.43178e+73 0.35321 0.35321 0.35321 0.35321
0.362 0.354145 -8.71032e+292 2.31667e+73 0.354145 0.354145 0.354145 0.354145
0.363 0.35508 5.75365e+293 -3.74845e+73 0.35508 0.35508 0.35508 0.35508
0.364 0.356015 -3.8006e+294 6.06512e+73 0.356015 0.356015 0.356015 0.356015
0.365 0.356949 2.51051e+295 -9.81357e+73 0.356949 0.356949 0.356949 0.356949
0.366 0.357883 -1.65833e+296 1.58787e+74 0.357883 0.357883 0.357883 0.357883
0.367 0.358817 1.09542e+297 -2.56923e+74 0.358817 0.358817 0.358816 0.358817
0.368 0.35975 -7.23583e+297 4.1571e+74 0.35975 0.35975 0.35975 0.35975
0.369 0.360683 4.77967e+298 -6.72632e+74 0.360683 0.360683 0.360683 0.360683
0.37 0.361615 -3.15723e+299 1.08834e+75 0.361615 0.361615 0.361615 0.361615
0.371 0.362548 2.08553e+300 -1.76097e+75 0.362548 0.362548 0.362547 0.362548
0.372 0.363479 -1.37761e+301 2.84932e+75 0.363479 0.363479 0.363479 0.363479
0.373 0.364411 9.09984e+301 -4.61029e+75 0.364411 0.364411 0.36441 0.364411
0.374 0.365342 -6.01095e+302 7.45961e+75 0.365342 0.365342 0.365341 0.365342
0.375 0.366273 3.97056e+303 -1.20699e+76 0.366273 0.366273 0.366272 0.366273
0.376 0.367203 -2.62278e+304 1.95295e+76 0.367203 0.367203 0.367202 0.367203
0.377 0.368133 1.73249e+305 -3.15994e+76 0.368133 0.368133 0.368132 0.368133
0.378 0.369062 -inf 5.11289e+76 0.369062 0.369062 0.369062 0.369062
0.379 0.369992 inf -8.27283e+76 0.369992 0.369992 0.369991 0.369992
0.38 0.37092 -nan 1.33857e+77 0.37092 0.37092 0.37092 0.37092
0.381 0.371849 -nan -2.16586e+77 0.371849 0.371849 0.371849 0.371849
0.382 0.372777 -nan 3.50443e+77 0.372777 0.372777 0.372777 0.372777
0.383 0.373705 -nan -5.67028e+77 0.373705 0.373705 0.373704 0.373705
0.384 0.374632 -nan 9.17471e+77 0.374632 0.374632 0.374632 0.374632
0.385 0.375559 -nan -1.4845e+78 0.375559 0.375559 0.375559 0.375559
0.386 0.376486 -nan 2.40197e+78 0.376486 0.376486 0.376485 0.376486
0.387 0.377412 -nan -3.88647e+78 0.377412 0.377412 0.377412 0.377412
0.388 0.378338 -nan 6.28844e+78 0.378338 0.378338 0.378337 0.378338
0.389 0.379263 -nan -1.01749e+79 0.379263 0.379263 0.379263 0.379263
0.39 0.380188 -nan 1.64634e+79 0.380188 0.380188 0.380188 0.380188
0.391 0.381113 -nan -2.66383e+79 0.381113 0.381113 0.381113 0.381113
0.392 0.382037 -nan 4.31016e+79 0.382037 0.382037 0.382037 0.382037
0.393 0.382961 -nan -6.97399e+79 0.382961 0.382961 0.382961 0.382961
0.394 0.383885 -nan 1.12841e+80 0.383885 0.383885 0.383885 0.383885
0.395 0.384808 -nan -1.82581e+80 0.384808 0.384808 0.384808 0.384808
0.396 0.385731 -nan 2.95423e+80 0.385731 0.385731 0.385731 0.385731
0.397 0.386653 -nan -4.78004e+80 0.386653 0.386653 0.386653 0.386653
0.398 0.387575 -nan 7.73427e+80 0.387575 0.387575 0.387575 0.387575
0.399 0.388497 -nan -1.25143e+81 0.388497 0.388497 0.388497 0.388497
0.4 0.389418 -nan 2.02486e+81 0.389418 0.389418 0.389418 0.389418
0.401 0.390339 -nan -3.27629e+81 0.390339 0.390339 0.390339 0.390339
0.402 0.39126 -nan 5.30115e+81 0.39126 0.39126 0.391259 0.39126
0.403 0.39218 -nan -8.57744e+81 0.39218 0.39218 0.392179 0.39218
0.404 0.393099 -nan 1.38786e+82 0.393099 0.393099 0.393099 0.393099
0.405 0.394019 -nan -2.2456e+82 0.394019 0.394019 0.394018 0.394019
0.406 0.394938 -nan 3.63346e+82 0.394938 0.394938 0.394937 0.394938
0.407 0.395856 -nan -5.87906e+82 0.395856 0.395856 0.395856 0.395856
0.408 0.396774 -nan 9.51252e+82 0.396774 0.396774 0.396774 0.396774
0.409 0.397692 -nan -1.53916e+83 0.397692 0.397692 0.397692 0.397692
0.41 0.398609 -nan 2.49041e+83 0.398609 0.398609 0.398609 0.398609
0.411 0.399526 -nan -4.02957e+83 0.399526 0.399526 0.399526 0.399526
0.412 0.400443 -nan 6.51998e+83 0.400443 0.400443 0.400442 0.400443
0.413 0.401359 -nan -1.05496e+84 0.401359 0.401359 0.401358 0.401359
0.414 0.402275 -nan 1.70695e+84 0.402275 0.402275 0.402274 0.402275
0.415 0.40319 -nan -2.76191e+84 0.40319 0.40319 0.40319 0.40319
0.416 0.404105 -nan 4.46886e+84 0.404105 0.404105 0.404104 0.404105
0.417 0.405019 -nan -7.23077e+84 0.405019 0.405019 0.405019 0.405019
0.418 0.405933 -nan 1.16996e+85 0.405933 0.405933 0.405933 0.405933
0.419 0.406847 -nan -1.89304e+85 0.406847 0.406847 0.406847 0.406847
0.42 0.40776 -nan 3.063e+85 0.40776 0.40776 0.40776 0.40776
0.421 0.408673 -nan -4.95604e+85 0.408673 0.408673 0.408673 0.408673
0.422 0.409586 -nan 8.01905e+85 0.409586 0.409586 0.409585 0.409586
0.423 0.410498 -nan -1.29751e+86 0.410498 0.410498 0.410497 0.410498
0.424 0.41141 -nan 2.09941e+86 0.41141 0.41141 0.411409 0.41141
0.425 0.412321 -nan -3.39692e+86 0.412321 0.412321 0.41232 0.412321
0.426 0.413232 -nan 5.49634e+86 0.413232 0.413232 0.413231 0.413232
0.427 0.414142 -nan -8.89326e+86 0.414142 0.414142 0.414142 0.414142
0.428 0.415052 -nan 1.43896e+87 0.415052 0.415052 0.415052 0.415052
0.429 0.415962 -nan -2.32829e+87 0.415962 0.415962 0.415961 0.415962
0.43 0.416871 -nan 3.76724e+87 0.416871 0.416871 0.41687 0.416871
0.431 0.41778 -nan -6.09553e+87 0.41778 0.41778 0.417779 0.41778
0.432 0.418688 -nan 9.86278e+87 0.418688 0.418688 0.418687 0.418688
0.433 0.419596 -nan -1.59583e+88 0.419596 0.419596 0.419595 0.419596
0.434 0.420503 -nan 2.58211e+88 0.420503 0.420503 0.420503 0.420503
0.435 0.42141 -nan -4.17794e+88 0.42141 0.42141 0.42141 0.42141
0.436 0.422317 -nan 6.76005e+88 0.422317 0.422317 0.422317 0.422317
0.437 0.423223 -nan -1.0938e+89 0.423223 0.423223 0.423223 0.423223
0.438 0.424129 -nan 1.7698e+89 0.424129 0.424129 0.424129 0.424129
0.439 0.425035 -nan -2.8636e+89 0.425035 0.425035 0.425034 0.425034
0.44 0.425939 -nan 4.6334e+89 0.425939 0.425939 0.425939 0.425939
0.441 0.426844 -nan -7.49701e+89 0.426844 0.426844 0.426844 0.426844
0.442 0.427748 -nan 1.21304e+90 0.427748 0.427748 0.427748 0.427748
0.443 0.428652 -nan -1.96274e+90 0.428652 0.428652 0.428651 0.428652
0.444 0.429555 -nan 3.17578e+90 0.429555 0.429555 0.429555 0.429555
0.445 0.430458 -nan -5.13852e+90 0.430458 0.430458 0.430457 0.430458
0.446 0.43136 -nan 8.31431e+90 0.43136 0.43136 0.43136 0.43136
0.447 0.432262 -nan -1.34528e+91 0.432262 0.432262 0.432262 0.432262
0.448 0.433164 -nan 2.17671e+91 0.433164 0.433164 0.433163 0.433164
0.449 0.434065 -nan -3.522e+91 0.434065 0.434065 0.434064 0.434065
0.45 0.434966 -nan 5.69871e+91 0.434966 0.434966 0.434965 0.434966
0.451 0.435866 -nan -9.22071e+91 0.435866 0.435866 0.435865 0.435866
0.452 0.436766 -nan 1.49194e+92 0.436766 0.436766 0.436765 0.436766
0.453 0.437665 -nan -2.41401e+92 0.437665 0.437665 0.437664 0.437665
0.454 0.438564 -nan 3.90595e+92 0.438564 0.438564 0.438563 0.438564
0.455 0.439462 -nan -6.31997e+92 0.439462 0.439462 0.439462 0.439462
0.456 0.44036 -nan 1.02259e+93 0.44036 0.44036 0.44036 0.44036
0.457 0.441258 -nan -1.65459e+93 0.441258 0.441258 0.441258 0.441258
0.458 0.442155 -nan 2.67718e+93 0.442155 0.442155 0.442155 0.442155
0.459 0.443052 -nan -4.33177e+93 0.443052 0.443052 0.443051 0.443052
0.46 0.443948 -nan 7.00895e+93 0.443948 0.443948 0.443948 0.443948
0.461 0.444844 -nan -1.13407e+94 0.444844 0.444844 0.444843 0.444844
0.462 0.445739 -nan 1.83497e+94 0.445739 0.445739 0.445739 0.445739
0.463 0.446634 -nan -2.96904e+94 0.446634 0.446634 0.446634 0.446634
0.464 0.447529 -nan 4.80401e+94 0.447529 0.447529 0.447528 0.447529
0.465 0.448423 -nan -7.77305e+94 0.448423 0.448423 0.448422 0.448423
0.466 0.449316 -nan 1.25771e+95 0.449316 0.449316 0.449316 0.449316
0.467 0.45021 -nan -2.03501e+95 0.45021 0.45021 0.450209 0.45021
0.468 0.451102 -nan 3.29272e+95 0.451102 0.451102 0.451102 0.451102
0.469 0.451994 -nan -5.32773e+95 0.451994 0.451994 0.451994 0.451994
0.47 0.452886 -nan 8.62044e+95 0.452886 0.452886 0.452886 0.452886
0.471 0.453778 -nan -1.39482e+96 0.453778 0.453778 0.453777 0.453778
0.472 0.454669 -nan 2.25686e+96 0.454669 0.454669 0.454668 0.454669
0.473 0.455559 -nan -3.65168e+96 0.455559 0.455559 0.455558 0.455559
0.474 0.456449 -nan 5.90854e+96 0.456449 0.456449 0.456448 0.456449
0.475 0.457338 -nan -9.56022e+96 0.457338 0.457338 0.457338 0.457338
0.476 0.458228 -nan 1.54688e+97 0.458228 0.458228 0.458227 0.458228
0.477 0.459116 -nan -2.5029e+97 0.459116 0.459116 0.459116 0.459116
0.478 0.460004 -nan 4.04977e+97 0.460004 0.460004 0.460004 0.460004
0.479 0.460892 -nan -6.55267e+97 0.460892 0.460892 0.460891 0.460892
0.48 0.461779 -nan 1.06024e+98 0.461779 0.461779 0.461779 0.461779
0.481 0.462666 -nan -1.71551e+98 0.462666 0.462666 0.462665 0.462666
0.482 0.463552 -nan 2.77576e+98 0.463552 0.463552 0.463552 0.463552
0.483 0.464438 -nan -4.49127e+98 0.464438 0.464438 0.464438 0.464438
0.484 0.465323 -nan 7.26702e+98 0.465323 0.465323 0.465323 0.465323
0.485 0.466208 -nan -1.17583e+99 0.466208 0.466208 0.466208 0.466208
0.486 0.467093 -nan 1.90253e+99 0.467093 0.467093 0.467092 0.467093
0.487 0.467977 -nan -3.07836e+99 0.467977 0.467977 0.467976 0.467977
0.488 0.46886 -nan 4.98089e+99 0.46886 0.46886 0.46886 0.46886
0.489 0.469743 -nan -8.05925e+99 0.469743 0.469743 0.469743 0.469743
0.49 0.470626 -nan 1.30401e+100 0.470626 0.470626 0.470625 0.470626
0.491 0.471508 -nan -2.10994e+100 0.471508 0.471508 0.471508 0.471508
0.492 0.47239 -nan 3.41395e+100 0.47239 0.47239 0.472389 0.47239
0.493 0.473271 -nan -5.52389e+100 0.473271 0.473271 0.47327 0.473271
0.494 0.474151 -nan 8.93785e+100 0.474151 0.474151 0.474151 0.474151
0.495 0.475032 -nan -1.44617e+101 0.475032 0.475032 0.475031 0.475032
0.496 0.475911 -nan 2.33996e+101 0.475911 0.475911 0.475911 0.475911
0.497 0.476791 -nan -3.78613e+101 0.476791 0.476791 0.47679 0.476791
0.498 0.477669 -nan 6.12609e+101 0.477669 0.477669 0.477669 0.477669
0.499 0.478548 -nan -9.91222e+101 0.478548 0.478548 0.478547 0.478548
0.5 0.479426 -nan 1.60383e+102 0.479426 0.479426 0.479425 0.479426
0.501 0.480303 -nan -2.59505e+102 0.480303 0.480303 0.480302 0.480303
0.502 0.48118 -nan 4.19888e+102 0.48118 0.48118 0.481179 0.48118
0.503 0.482056 -nan -6.79394e+102 0.482056 0.482056 0.482056 0.482056
0.504 0.482932 -nan 1.09928e+103 0.482932 0.482932 0.482932 0.482932
0.505 0.483807 -nan -1.77868e+103 0.483807 0.483807 0.483807 0.483807
0.506 0.484682 -nan 2.87796e+103 0.484682 0.484682 0.484682 0.484682
0.507 0.485557 -nan -4.65663e+103 0.485557 0.485557 0.485556 0.485557
0.508 0.486431 -nan 7.53459e+103 0.486431 0.486431 0.48643 0.486431
0.509 0.487304 -nan -1.21912e+104 0.487304 0.487304 0.487304 0.487304
0.51 0.488177 -nan 1.97258e+104 0.488177 0.488177 0.488177 0.488177
0.511 0.48905 -nan -3.1917e+104 0.48905 0.48905 0.489049 0.48905
0.512 0.489922 -nan 5.16429e+104 0.489922 0.489922 0.489921 0.489922
0.513 0.490793 -nan -8.35599e+104 0.490793 0.490793 0.490793 0.490793
0.514 0.491664 -nan 1.35203e+105 0.491664 0.491664 0.491664 0.491664
0.515 0.492535 -nan -2.18763e+105 0.492535 0.492535 0.492534 0.492535
0.516 0.493405 -nan 3.53965e+105 0.493405 0.493405 0.493404 0.493405
0.517 0.494274 -nan -5.72728e+105 0.494274 0.494274 0.494274 0.494274
0.518 0.495144 -nan 9.26694e+105 0.495144 0.495144 0.495143 0.495144
0.519 0.496012 -nan -1.49942e+106 0.496012 0.496012 0.496012 0.496012
0.52 0.49688 -nan 2.42612e+106 0.49688 0.49688 0.49688 0.49688
0.521 0.497748 -nan -3.92554e+106 0.497748 0.497748 0.497747 0.497748
0.522 0.498615 -nan 6.35165e+106 0.498615 0.498615 0.498614 0.498615
0.523 0.499481 -nan -1.02772e+107 0.499481 0.499481 0.499481 0.499481
0.524 0.500347 -nan 1.66288e+107 0.500347 0.500347 0.500347 0.500347
0.525 0.501213 -nan -2.6906e+107 0.501213 0.501213 0.501213 0.501213
0.526 0.502078 -nan 4.35349e+107 0.502078 0.502078 0.502078 0.502078
0.527 0.502943 -nan -7.04409e+107 0.502943 0.502943 0.502942 0.502943
0.528 0.503807 -nan 1.13976e+108 0.503807 0.503807 0.503806 0.503807
0.529 0.50467 -nan -1.84417e+108 0.50467 0.50467 0.50467 0.50467
0.53 0.505533 -nan 2.98392e+108 0.505533 0.505533 0.505533 0.505533
0.531 0.506396 -nan -4.82809e+108 0.506396 0.506396 0.506395 0.506396
0.532 0.507258 -nan 7.81202e+108 0.507258 0.507258 0.507257 0.507258
0.533 0.508119 -nan -1.26401e+109 0.508119 0.508119 0.508119 0.508119
0.534 0.508981 -nan 2.04521e+109 0.508981 0.508981 0.50898 0.508981
0.535 0.509841 -nan -3.30922e+109 0.509841 0.509841 0.509841 0.509841
0.536 0.510701 -nan 5.35444e+109 0.510701 0.510701 0.510701 0.510701
0.537 0.511561 -nan -8.66366e+109 0.511561 0.511561 0.51156 0.511561
0.538 0.51242 -nan 1.40181e+110 0.51242 0.51242 0.512419 0.51242
0.539 0.513278 -nan -2.26818e+110 0.513278 0.513278 0.513278 0.513278
0.54 0.514136 -nan 3.66998e+110 0.514136 0.514136 0.514135 0.514136
0.541 0.514993 -nan -5.93816e+110 0.514993 0.514993 0.514993 0.514993
0.542 0.51585 -nan 9.60815e+110 0.51585 0.51585 0.51585 0.51585
0.543 0.516707 -nan -1.55463e+111 0.516707 0.516707 0.516706 0.516707
0.544 0.517563 -nan 2.51545e+111 0.517563 0.517563 0.517562 0.517563
0.545 0.518418 -nan -4.07008e+111 0.518418 0.518418 0.518418 0.518418
0.546 0.519273 -nan 6.58552e+111 0.519273 0.519273 0.519272 0.519273
0.547 0.520127 -nan -1.06556e+112 0.520127 0.520127 0.520127 0.520127
0.548 0.520981 -nan 1.72411e+112 0.520981 0.520981 0.520981 0.520981
0.549 0.521834 -nan -2.78967e+112 0.521834 0.521834 0.521834 0.521834
0.55 0.522687 -nan 4.51378e+112 0.522687 0.522687 0.522687 0.522687
0.551 0.523539 -nan -7.30345e+112 0.523539 0.523539 0.523539 0.523539
0.552 0.524391 -nan 1.18172e+113 0.524391 0.524391 0.524391 0.524391
0.553 0.525242 -nan -1.91207e+113 0.525242 0.525242 0.525242 0.525242
0.554 0.526093 -nan 3.09379e+113 0.526093 0.526093 0.526093 0.526093
0.555 0.526943 -nan -5.00586e+113 0.526943 0.526943 0.526943 0.526943
0.556 0.527793 -nan 8.09966e+113 0.527793 0.527793 0.527792 0.527793
0.557 0.528642 -nan -1.31055e+114 0.528642 0.528642 0.528642 0.528642
0.558 0.529491 -nan 2.12052e+114 0.529491 0.529491 0.52949 0.529491
0.559 0.530339 -nan -3.43107e+114 0.530339 0.530339 0.530338 0.530339
0.56 0.531186 -nan 5.55159e+114 0.531186 0.531186 0.531186 0.531186
0.561 0.532033 -nan -8.98266e+114 0.532033 0.532033 0.532033 0.532033
0.562 0.53288 -nan 1.45342e+115 0.53288 0.53288 0.532879 0.53288
0.563 0.533726 -nan -2.35169e+115 0.533726 0.533726 0.533725 0.533726
0.564 0.534571 -nan 3.80511e+115 0.534571 0.534571 0.53457 0.534571
0.565 0.535416 -nan -6.1568e+115 0.535416 0.535416 0.535415 0.535416
0.566 0.53626 -nan 9.96192e+115 0.53626 0.53626 0.53626 0.53626
0.567 0.537104 -nan -1.61187e+116 0.537104 0.537104 0.537103 0.537104
0.568 0.537947 -nan 2.60806e+116 0.537947 0.537947 0.537947 0.537947
0.569 0.53879 -nan -4.21994e+116 0.53879 0.53879 0.538789 0.53879
0.57 0.539632 -nan 6.828e+116 0.539632 0.539632 0.539632 0.539632
0.571 0.540474 -nan -1.10479e+117 0.540474 0.540474 0.540473 0.540474
0.572 0.541315 -nan 1.78759e+117 0.541315 0.541315 0.541314 0.541315
0.573 0.542155 -nan -2.89239e+117 0.542155 0.542155 0.542155 0.542155
0.574 0.542995 -nan 4.67998e+117 0.542995 0.542995 0.542995 0.542995
0.575 0.543835 -nan -7.57237e+117 0.543835 0.543835 0.543834 0.543835
0.576 0.544674 -nan 1.22523e+118 0.544674 0.544674 0.544673 0.544674
0.577 0.545512 -nan -1.98247e+118 0.545512 0.545512 0.545512 0.545512
0.578 0.54635 -nan 3.20771e+118 0.54635 0.54635 0.546349 0.54635
0.579 0.547187 -nan -5.19018e+118 0.547187 0.547187 0.547187 0.547187
0.58 0.548024 -nan 8.39788e+118 0.548024 0.548024 0.548023 0.548024
0.581 0.54886 -nan -1.35881e+119 0.54886 0.54886 0.54886 0.54886
0.582 0.549696 -nan 2.19859e+119 0.549696 0.549696 0.549695 0.549696
0.583 0.550531 -nan -3.5574e+119 0.550531 0.550531 0.55053 0.550531
0.584 0.551365 -nan 5.756e+119 0.551365 0.551365 0.551365 0.551365
0.585 0.552199 -nan -9.3134e+119 0.552199 0.552199 0.552199 0.552199
0.586 0.553033 -nan 1.50694e+120 0.553033 0.553033 0.553032 0.553033
0.587 0.553866 -nan -2.43828e+120 0.553866 0.553866 0.553865 0.553866
0.588 0.554698 -nan 3.94522e+120 0.554698 0.554698 0.554697 0.554698
0.589 0.55553 -nan -6.3835e+120 0.55553 0.55553 0.555529 0.55553
0.59 0.556361 -nan 1.03287e+121 0.556361 0.556361 0.55636 0.556361
0.591 0.557192 -nan -1.67122e+121 0.557192 0.557192 0.557191 0.557192
0.592 0.558022 -nan 2.70409e+121 0.558022 0.558022 0.558021 0.558022
0.593 0.558851 -nan -4.37531e+121 0.558851 0.558851 0.558851 0.558851
0.594 0.55968 -nan 7.07941e+121 0.55968 0.55968 0.55968 0.55968
0.595 0.560509 -nan -1.14547e+122 0.560509 0.560509 0.560508 0.560509
0.596 0.561337 -nan 1.85341e+122 0.561337 0.561337 0.561336 0.561337
0.597 0.562164 -nan -2.99888e+122 0.562164 0.562164 0.562163 0.562164
0.598 0.562991 -nan 4.8523e+122 0.562991 0.562991 0.56299 0.562991
0.599 0.563817 -nan -7.85118e+122 0.563817 0.563817 0.563816 0.563817
0.6 0.564642 -nan 1.27035e+123 0.564642 0.564642 0.564642 0.564642
0.601 0.565468 -nan -2.05547e+123 0.565468 0.565468 0.565467 0.565468
0.602 0.566292 -nan 3.32581e+123 0.566292 0.566292 0.566291 0.566292
0.603 0.567116 -nan -5.38128e+123 0.567116 0.567116 0.567115 0.567116
0.604 0.567939 -nan 8.70709e+123 0.567939 0.567939 0.567939 0.567939
0.605 0.568762 -nan -1.40884e+124 0.568762 0.568762 0.568762 0.568762
0.606 0.569584 -nan 2.27955e+124 0.569584 0.569584 0.569584 0.569584
0.607 0.570406 -nan -3.68838e+124 0.570406 0.570406 0.570405 0.570406
0.608 0.571227 -nan 5.96793e+124 0.571227 0.571227 0.571226 0.571227
0.609 0.572048 -nan -9.65632e+124 0.572048 0.572048 0.572047 0.572048
0.61 0.572867 -nan 1.56242e+125 0.572867 0.572867 0.572867 0.572867
0.611 0.573687 -nan -2.52806e+125 0.573687 0.573687 0.573686 0.573687
0.612 0.574506 -nan 4.09048e+125 0.574506 0.574506 0.574505 0.574506
0.613 0.575324 -nan -6.61854e+125 0.575324 0.575324 0.575323 0.575324
0.614 0.576141 -nan 1.0709e+126 0.576141 0.576141 0.576141 0.576141
0.615 0.576959 -nan -1.73276e+126 0.576959 0.576959 0.576958 0.576959
0.616 0.577775 -nan 2.80366e+126 0.577775 0.577775 0.577774 0.577775
0.617 0.578591 -nan -4.53641e+126 0.578591 0.578591 0.57859 0.578591
0.618 0.579406 -nan 7.34007e+126 0.579406 0.579406 0.579406 0.579406
0.619 0.580221 -nan -1.18765e+127 0.580221 0.580221 0.58022 0.580221
0.62 0.581035 -nan 1.92166e+127 0.581035 0.581035 0.581035 0.581035
0.621 0.581849 -nan -3.1093e+127 0.581849 0.581849 0.581848 0.581849
0.622 0.582662 -nan 5.03096e+127 0.582662 0.582662 0.582661 0.582662
0.623 0.583474 -nan -8.14026e+127 0.583474 0.583474 0.583474 0.583474
0.624 0.584286 -nan 1.31712e+128 0.584286 0.584286 0.584285 0.584286
0.625 0.585097 -nan -2.13115e+128 0.585097 0.585097 0.585097 0.585097
0.626 0.585908 -nan 3.44827e+128 0.585908 0.585908 0.585907 0.585908
0.627 0.586718 -nan -5.57942e+128 0.586718 0.586718 0.586717 0.586718
0.628 0.587528 -nan 9.02769e+128 0.587528 0.587528 0.587527 0.587528
0.629 0.588336 -nan -1.46071e+129 0.588336 0.588336 0.588336 0.588336
0.63 0.589145 -nan 2.36348e+129 0.589145 0.589145 0.589144 0.589145
0.631 0.589952 -nan -3.82419e+129 0.589952 0.589952 0.589952 0.589952
0.632 0.59076 -nan 6.18767e+129 0.59076 0.59076 0.590759 0.59076
0.633 0.591566 -nan -1.00119e+130 0.591566 0.591566 0.591566 0.591566
0.634 0.592372 -nan 1.61995e+130 0.592372 0.592372 0.592372 0.592372
0.635 0.593178 -nan -2.62114e+130 0.593178 0.593178 0.593177 0.593178
0.636 0.593982 -nan 4.24109e+130 0.593982 0.593982 0.593982 0.593982
0.637 0.594786 -nan -6.86223e+130 0.594786 0.594786 0.594786 0.594786
0.638 0.59559 -nan 1.11033e+131 0.59559 0.59559 0.595589 0.59559
0.639 0.596393 -nan -1.79656e+131 0.596393 0.596393 0.596392 0.596393
0.64 0.597195 -nan 2.90689e+131 0.597195 0.597195 0.597195 0.597195
0.641 0.597997 -nan -4.70344e+131 0.597997 0.597997 0.597997 0.597997
0.642 0.598798 -nan 7.61033e+131 0.598798 0.598798 0.598798 0.598798
0.643 0.599599 -nan -1.23138e+132 0.599599 0.599599 0.599598 0.599599
0.644 0.600399 -nan 1.99241e+132 0.600399 0.600399 0.600398 0.600399
0.645 0.601198 -nan -3.22379e+132 0.601198 0.601198 0.601198 0.601198
0.646 0.601997 -nan 5.2162e+132 0.601997 0.601997 0.601997 0.601997
0.647 0.602795 -nan -8.43999e+132 0.602795 0.602795 0.602795 0.602795
0.648 0.603593 -nan 1.36562e+133 0.603593 0.603593 0.603592 0.603593
0.649 0.60439 -nan -2.20962e+133 0.60439 0.60439 0.604389 0.60439
0.65 0.605186 -nan 3.57524e+133 0.605186 0.605186 0.605186 0.605186
0.651 0.605982 -nan -5.78485e+133 0.605982 0.605982 0.605982 0.605982
0.652 0.606777 -nan 9.36009e+133 0.606777 0.606777 0.606777 0.606777
0.653 0.607572 -nan -1.51449e+134 0.607572 0.607572 0.607571 0.607572
0.654 0.608366 -nan 2.4505e+134 0.608366 0.608366 0.608365 0.608366
0.655 0.609159 -nan -3.965e+134 0.609159 0.609159 0.609159 0.609159
0.656 0.609952 -nan 6.4155e+134 0.609952 0.609952 0.609951 0.609952
0.657 0.610744 -nan -1.03805e+135 0.610744 0.610744 0.610744 0.610744
0.658 0.611536 -nan 1.6796e+135 0.611536 0.611536 0.611535 0.611536
0.659 0.612327 -nan -2.71765e+135 0.612327 0.612327 0.612326 0.612327
0.66 0.613117 -nan 4.39725e+135 0.613117 0.613117 0.613116 0.613117
0.661 0.613907 -nan -7.1149e+135 0.613907 0.613907 0.613906 0.613907
0.662 0.614696 -nan 1.15121e+136 0.614696 0.614696 0.614695 0.614696
0.663 0.615484 -nan -1.8627e+136 0.615484 0.615484 0.615483 0.615484
0.664 0.616272 -nan 3.01392e+136 0.616272 0.616272 0.616271 0.616272
0.665 0.617059 -nan -4.87662e+136 0.617059 0.617059 0.617059 0.617059
0.666 0.617846 -nan 7.89054e+136 0.617846 0.617846 0.617845 0.617846
0.667 0.618632 -nan -1.27672e+137 0.618632 0.618632 0.618631 0.618632
0.668 0.619417 -nan 2.06577e+137 0.619417 0.619417 0.619416 0.619417
0.669 0.620202 -nan -3.34249e+137 0.620202 0.620202 0.620201 0.620202
0.67 0.620986 -nan 5.40826e+137 0.620986 0.620986 0.620985 0.620986
0.671 0.621769 -nan -8.75075e+137 0.621769 0.621769 0.621769 0.621769
0.672 0.622552 -nan 1.4159e+138 0.622552 0.622552 0.622552 0.622552
0.673 0.623335 -nan -2.29098e+138 0.623335 0.623335 0.623334 0.623335
0.674 0.624116 -nan 3.70688e+138 0.624116 0.624116 0.624116 0.624116
0.675 0.624897 -nan -5.99785e+138 0.624897 0.624897 0.624897 0.624897
0.676 0.625678 -nan 9.70473e+138 0.625678 0.625678 0.625677 0.625678
0.677 0.626457 -nan -1.57026e+139 0.626457 0.626457 0.626457 0.626457
0.678 0.627237 -nan 2.54073e+139 0.627237 0.627237 0.627236 0.627237
0.679 0.628015 -nan -4.11099e+139 0.628015 0.628015 0.628015 0.628015
0.68 0.628793 -nan 6.65172e+139 0.628793 0.628793 0.628792 0.628793
0.681 0.62957 -nan -1.07627e+140 0.62957 0.62957 0.62957 0.62957
0.682 0.630347 -nan 1.74144e+140 0.630347 0.630347 0.630346 0.630347
0.683 0.631123 -nan -2.81771e+140 0.631123 0.631123 0.631122 0.631123
0.684 0.631898 -nan 4.55916e+140 0.631898 0.631898 0.631898 0.631898
0.685 0.632673 -nan -7.37687e+140 0.632673 0.632673 0.632672 0.632673
0.686 0.633447 -nan 1.1936e+141 0.633447 0.633447 0.633446 0.633447
0.687 0.634221 -nan -1.93129e+141 0.634221 0.634221 0.63422 0.634221
0.688 0.634993 -nan 3.12489e+141 0.634993 0.634993 0.634993 0.634993
0.689 0.635766 -nan -5.05618e+141 0.635766 0.635766 0.635765 0.635766
0.69 0.636537 -nan 8.18107e+141 0.636537 0.636537 0.636537 0.636537
0.691 0.637308 -nan -1.32373e+142 0.637308 0.637308 0.637307 0.637308
0.692 0.638078 -nan 2.14183e+142 0.638078 0.638078 0.638078 0.638078
0.693 0.638848 -nan -3.46556e+142 0.638848 0.638848 0.638847 0.638848
0.694 0.639617 -nan 5.60739e+142 0.639617 0.639617 0.639616 0.639617
0.695 0.640385 -nan -9.07295e+142 0.640385 0.640385 0.640385 0.640385
0.696 0.641153 -nan 1.46803e+143 0.641153 0.641153 0.641153 0.641153
0.697 0.64192 -nan -2.37533e+143 0.64192 0.64192 0.64192 0.64192
0.698 0.642687 -nan 3.84336e+143 0.642687 0.642687 0.642686 0.642687
0.699 0.643453 -nan -6.21869e+143 0.643453 0.643453 0.643452 0.643453
0.7 0.644218 -nan 1.00621e+144 0.644218 0.644218 0.644217 0.644218
0.701 0.644982 -nan -1.62807e+144 0.644982 0.644982 0.644982 0.644982
0.702 0.645746 -nan 2.63428e+144 0.645746 0.645746 0.645745 0.645746
0.703 0.646509 -nan -4.26236e+144 0.646509 0.646509 0.646509 0.646509
0.704 0.647272 -nan 6.89664e+144 0.647272 0.647272 0.647271 0.647272
0.705 0.648034 -nan -1.1159e+145 0.648034 0.648034 0.648033 0.648034
0.706 0.648795 -nan 1.80556e+145 0.648795 0.648795 0.648794 0.648795
0.707 0.649556 -nan -2.92146e+145 0.649556 0.649556 0.649555 0.649556
0.708 0.650316 -nan 4.72702e+145 0.650316 0.650316 0.650315 0.650316
0.709 0.651075 -nan -7.64849e+145 0.651075 0.651075 0.651074 0.651075
0.71 0.651834 -nan 1.23755e+146 0.651834 0.651834 0.651833 0.651834
0.711 0.652592 -nan -2.0024e+146 0.652592 0.652592 0.652591 0.652592
0.712 0.653349 -nan 3.23995e+146 0.653349 0.653349 0.653349 0.653349
0.713 0.654106 -nan -5.24235e+146 0.654106 0.654106 0.654105 0.654106
0.714 0.654862 -nan 8.4823e+146 0.654862 0.654862 0.654861 0.654862
0.715 0.655617 -nan -1.37247e+147 0.655617 0.655617 0.655617 0.655617
0.716 0.656372 -nan 2.2207e+147 0.656372 0.656372 0.656372 0.656372
0.717 0.657126 -nan -3.59316e+147 0.657126 0.657126 0.657126 0.657126
0.718 0.65788 -nan 5.81386e+147 0.65788 0.65788 0.657879 0.65788
0.719 0.658633 -nan -9.40702e+147 0.658633 0.658633 0.658632 0.658633
0.72 0.659385 -nan 1.52209e+148 0.659385 0.659385 0.659384 0.659385
0.721 0.660136 -nan -2.46279e+148 0.660136 0.660136 0.660135 0.660136
0.722 0.660887 -nan 3.98488e+148 0.660887 0.660887 0.660886 0.660887
0.723 0.661637 -nan -6.44766e+148 0.661637 0.661637 0.661636 0.661637
0.724 0.662387 -nan 1.04325e+149 0.662387 0.662387 0.662386 0.662387
0.725 0.663135 -nan -1.68802e+149 0.663135 0.663135 0.663135 0.663135
0.726 0.663884 -nan 2.73127e+149 0.663884 0.663884 0.663883 0.663884
0.727 0.664631 -nan -4.4193e+149 0.664631 0.664631 0.66463 0.664631
0.728 0.665378 -nan 7.15057e+149 0.665378 0.665378 0.665377 0.665378
0.729 0.666124 -nan -1.15699e+150 0.666124 0.666124 0.666123 0.666124
0.73 0.66687 -nan 1.87204e+150 0.66687 0.66687 0.666869 0.66687
0.731 0.667614 -nan -3.02903e+150 0.667614 0.667614 0.667614 0.667614
0.732 0.668359 -nan 4.90107e+150 0.668359 0.668359 0.668358 0.668359
0.733 0.669102 -nan -7.9301e+150 0.669102 0.669102 0.669101 0.669102
0.734 0.669845 -nan 1.28312e+151 0.669845 0.669845 0.669844 0.669845
0.735 0.670587 -nan -2.07613e+151 0.670587 0.670587 0.670586 0.670587
0.736 0.671329 -nan 3.35925e+151 0.671329 0.671329 0.671328 0.671329
0.737 0.672069 -nan -5.43537e+151 0.672069 0.672069 0.672069 0.672069
0.738 0.67281 -nan 8.79462e+151 0.67281 0.67281 0.672809 0.67281
0.739 0.673549 -nan -1.423e+152 0.673549 0.673549 0.673548 0.673549
0.74 0.674288 -nan 2.30246e+152 0.674288 0.674288 0.674287 0.674288
0.741 0.675026 -nan -3.72546e+152 0.675026 0.675026 0.675025 0.675026
0.742 0.675763 -nan 6.02792e+152 0.675763 0.675763 0.675763 0.675763
0.743 0.6765 -nan -9.75338e+152 0.6765 0.6765 0.6765 0.6765
0.744 0.677236 -nan 1.57813e+153 0.677236 0.677236 0.677236 0.677236
0.745 0.677972 -nan -2.55347e+153 0.677972 0.677972 0.677971 0.677972
0.746 0.678707 -nan 4.1316e+153 0.678707 0.678707 0.678706 0.678707
0.747 0.679441 -nan -6.68507e+153 0.679441 0.679441 0.67944 0.679441
0.748 0.680174 -nan 1.08167e+154 0.680174 0.680174 0.680173 0.680174
0.749 0.680907 -nan -1.75017e+154 0.680907 0.680907 0.680906 0.680907
0.75 0.681639 -nan 2.83184e+154 0.681639 0.681639 0.681638 0.681639
0.751 0.68237 -nan -4.58201e+154 0.68237 0.68237 0.682369 0.68237
0.752 0.683101 -nan 7.41385e+154 0.683101 0.683101 0.6831 0.683101
0.753 0.683831 -nan -1.19959e+155 0.683831 0.683831 0.68383 0.683831
0.754 0.68456 -nan 1.94097e+155 0.68456 0.68456 0.684559 0.68456
0.755 0.685289 -nan -3.14056e+155 0.685289 0.685289 0.685288 0.685289
0.756 0.686017 -nan 5.08153e+155 0.686017 0.686017 0.686016 0.686017
0.757 0.686744 -nan -8.22209e+155 0.686744 0.686744 0.686743 0.686744
0.758 0.68747 -nan 1.33036e+156 0.68747 0.68747 0.68747 0.68747
0.759 0.688196 -nan -2.15257e+156 0.688196 0.688196 0.688196 0.688196
0.76 0.688921 -nan 3.48293e+156 0.688921 0.688921 0.688921 0.688921
0.761 0.689646 -nan -5.6355e+156 0.689646 0.689646 0.689645 0.689646
0.762 0.69037 -nan 9.11844e+156 0.69037 0.69037 0.690369 0.69037
0.763 0.691093 -nan -1.47539e+157 0.691093 0.691093 0.691092 0.691093
0.764 0.691815 -nan 2.38724e+157 0.691815 0.691815 0.691815 0.691815
0.765 0.692537 -nan -3.86263e+157 0.692537 0.692537 0.692536 0.692537
0.766 0.693258 -nan 6.24987e+157 0.693258 0.693258 0.693257 0.693258
0.767 0.693978 -nan -1.01125e+158 0.693978 0.693978 0.693978 0.693978
0.768 0.694698 -nan 1.63624e+158 0.694698 0.694698 0.694697 0.694698
0.769 0.695417 -nan -2.64749e+158 0.695417 0.695417 0.695416 0.695417
0.77 0.696135 -nan 4.28372e+158 0.696135 0.696135 0.696135 0.696135
0.771 0.696853 -nan -6.93121e+158 0.696853 0.696853 0.696852 0.696853
0.772 0.69757 -nan 1.12149e+159 0.69757 0.69757 0.697569 0.69757
0.773 0.698286 -nan -1.81461e+159 0.698286 0.698286 0.698285 0.698286
0.774 0.699001 -nan 2.93611e+159 0.699001 0.699001 0.699001 0.699001
0.775 0.699716 -nan -4.75072e+159 0.699716 0.699716 0.699715 0.699716
0.776 0.70043 -nan 7.68683e+159 0.70043 0.70043 0.700429 0.70043
0.777 0.701144 -nan -1.24376e+160 0.701144 0.701144 0.701143 0.701144
0.778 0.701856 -nan 2.01244e+160 0.701856 0.701856 0.701855 0.701856
0.779 0.702568 -nan -3.25619e+160 0.702568 0.702568 0.702567 0.702568
0.78 0.703279 -nan 5.26863e+160 0.703279 0.703279 0.703279 0.703279
0.781 0.70399 -nan -8.52483e+160 0.70399 0.70399 0.703989 0.70399
0.782 0.7047 -nan 1.37935e+161 0.7047 0.7047 0.704699 0.7047
0.783 0.705409 -nan -2.23183e+161 0.705409 0.705409 0.705408 0.705409
0.784 0.706117 -nan 3.61117e+161 0.706117 0.706117 0.706117 0.706117
0.785 0.706825 -nan -5.843e+161 0.706825 0.706825 0.706824 0.706825
0.786 0.707532 -nan 9.45418e+161 0.707532 0.707532 0.707532 0.707532
0.787 0.708239 -nan -1.52972e+162 0.708239 0.708239 0.708238 0.708239
0.788 0.708944 -nan 2.47514e+162 0.708944 0.708944 0.708943 0.708944
0.789 0.709649 -nan -4.00485e+162 0.709649 0.709649 0.709648 0.709649
0.79 0.710353 -nan 6.47999e+162 0.710353 0.710353 0.710353 0.710353
0.791 0.711057 -nan -1.04848e+163 0.711057 0.711057 0.711056 0.711057
0.792 0.71176 -nan 1.69648e+163 0.71176 0.71176 0.711759 0.71176
0.793 0.712462 -nan -2.74497e+163 0.712462 0.712462 0.712461 0.712462
0.794 0.713163 -nan 4.44145e+163 0.713163 0.713163 0.713162 0.713163
0.795 0.713864 -nan -7.18642e+163 0.713864 0.713864 0.713863 0.713864
0.796 0.714564 -nan 1.16279e+164 0.714564 0.714564 0.714563 0.714564
0.797 0.715263 -nan -1.88143e+164 0.715263 0.715263 0.715262 0.715263
0.798 0.715961 -nan 3.04422e+164 0.715961 0.715961 0.715961 0.715961
0.799 0.716659 -nan -4.92564e+164 0.716659 0.716659 0.716658 0.716659
0.8 0.717356 -nan 7.96986e+164 0.717356 0.717356 0.717355 0.717356
0.801 0.718052 -nan -1.28955e+165 0.718052 0.718052 0.718052 0.718052
0.802 0.718748 -nan 2.08654e+165 0.718748 0.718748 0.718747 0.718748
0.803 0.719443 -nan -3.37609e+165 0.719443 0.719443 0.719442 0.719443
0.804 0.720137 -nan 5.46262e+165 0.720137 0.720137 0.720136 0.720137
0.805 0.720831 -nan -8.83871e+165 0.720831 0.720831 0.72083 0.720831
0.806 0.721523 -nan 1.43013e+166 0.721523 0.721523 0.721523 0.721523
0.807 0.722215 -nan -2.314e+166 0.722215 0.722215 0.722215 0.722215
0.808 0.722907 -nan 3.74414e+166 0.722907 0.722907 0.722906 0.722907
0.809 0.723597 -nan -6.05814e+166 0.723597 0.723597 0.723597 0.723597
0.81 0.724287 -nan 9.80228e+166 0.724287 0.724287 0.724286 0.724287
0.811 0.724976 -nan -1.58604e+167 0.724976 0.724976 0.724976 0.724976
0.812 0.725665 -nan 2.56627e+167 0.725665 0.725665 0.725664 0.725665
0.813 0.726352 -nan -4.15231e+167 0.726352 0.726352 0.726352 0.726352
0.814 0.727039 -nan 6.71858e+167 0.727039 0.727039 0.727039 0.727039
0.815 0.727726 -nan -1.08709e+168 0.727726 0.727726 0.727725 0.727726
0.816 0.728411 -nan 1.75895e+168 0.728411 0.728411 0.72841 0.728411
0.817 0.729096 -nan -2.84604e+168 0.729096 0.729096 0.729095 0.729096
0.818 0.72978 -nan 4.60499e+168 0.72978 0.72978 0.729779 0.72978
0.819 0.730463 -nan -7.45102e+168 0.730463 0.730463 0.730463 0.730463
0.82 0.731146 -nan 1.2056e+169 0.731146 0.731146 0.731145 0.731146
0.821 0.731828 -nan -1.9507e+169 0.731828 0.731828 0.731827 0.731828
0.822 0.732509 -nan 3.1563e+169 0.732509 0.732509 0.732508 0.732509
0.823 0.733189 -nan -5.10701e+169 0.733189 0.733189 0.733188 0.733189
0.824 0.733869 -nan 8.26331e+169 0.733869 0.733869 0.733868 0.733869
0.825 0.734548 -nan -1.33703e+170 0.734548 0.734548 0.734547 0.734548
0.826 0.735226 -nan 2.16336e+170 0.735226 0.735226 0.735225 0.735226
0.827 0.735903 -nan -3.50039e+170 0.735903 0.735903 0.735903 0.735903
0.828 0.73658 -nan 5.66376e+170 0.73658 0.73658 0.736579 0.73658
0.829 0.737256 -nan -9.16415e+170 0.737256 0.737256 0.737255 0.737256
0.83 0.737931 -nan 1.48279e+171 0.737931 0.737931 0.737931 0.737931
0.831 0.738606 -nan -2.39921e+171 0.738606 0.738606 0.738605 0.738606
0.832 0.73928 -nan 3.882e+171 0.73928 0.73928 0.739279 0.73928
0.833 0.739953 -nan -6.2812e+171 0.739953 0.739953 0.739952 0.739953
0.834 0.740625 -nan 1.01632e+172 0.740625 0.740625 0.740624 0.740625
0.835 0.741297 -nan -1.64444e+172 0.741297 0.741297 0.741296 0.741297
0.836 0.741967 -nan 2.66076e+172 0.741967 0.741967 0.741967 0.741967
0.837 0.742637 -nan -4.3052e+172 0.742637 0.742637 0.742637 0.742637
0.838 0.743307 -nan 6.96596e+172 0.743307 0.743307 0.743306 0.743307
0.839 0.743975 -nan -1.12712e+173 0.743975 0.743975 0.743975 0.743975
0.84 0.744643 -nan 1.82371e+173 0.744643 0.744643 0.744642 0.744643
0.841 0.74531 -nan -2.95083e+173 0.74531 0.74531 0.745309 0.74531
0.842 0.745977 -nan 4.77454e+173 0.745977 0.745977 0.745976 0.745977
0.843 0.746642 -nan -7.72537e+173 0.746642 0.746642 0.746641 0.746642
0.844 0.747307 -nan 1.24999e+174 0.747307 0.747307 0.747306 0.747307
0.845 0.747971 -nan -2.02253e+174 0.747971 0.747971 0.74797 0.747971
0.846 0.748634 -nan 3.27252e+174 0.748634 0.748634 0.748634 0.748634
0.847 0.749297 -nan -5.29505e+174 0.749297 0.749297 0.749296 0.749297
0.848 0.749959 -nan 8.56757e+174 0.749959 0.749959 0.749958 0.749959
0.849 0.75062 -nan -1.38626e+175 0.75062 0.75062 0.750619 0.75062
0.85 0.75128 -nan 2.24302e+175 0.75128 0.75128 0.75128 0.75128
0.851 0.75194 -nan -3.62928e+175 0.75194 0.75194 0.751939 0.75194
0.852 0.752599 -nan 5.8723e+175 0.752599 0.752599 0.752598 0.752599
0.853 0.753257 -nan -9.50158e+175 0.753257 0.753257 0.753256 0.753257
0.854 0.753914 -nan 1.53739e+176 0.753914 0.753914 0.753914 0.753914
0.855 0.754571 -nan -2.48755e+176 0.754571 0.754571 0.75457 0.754571
0.856 0.755227 -nan 4.02493e+176 0.755227 0.755227 0.755226 0.755227
0.857 0.755882 -nan -6.51248e+176 0.755882 0.755882 0.755881 0.755882
0.858 0.756536 -nan 1.05374e+177 0.756536 0.756536 0.756535 0.756536
0.859 0.75719 -nan -1.70499e+177 0.75719 0.75719 0.757189 0.75719
0.86 0.757843 -nan 2.75873e+177 0.757843 0.757843 0.757842 0.757843
0.861 0.758495 -nan -4.46372e+177 0.758495 0.758495 0.758494 0.758495
0.862 0.759146 -nan 7.22245e+177 0.759146 0.759146 0.759145 0.759146
0.863 0.759796 -nan -1.16862e+178 0.759796 0.759796 0.759796 0.759796
0.864 0.760446 -nan 1.89086e+178 0.760446 0.760446 0.760445 0.760446
0.865 0.761095 -nan -3.05948e+178 0.761095 0.761095 0.761095 0.761095
0.866 0.761744 -nan 4.95034e+178 0.761744 0.761744 0.761743 0.761744
0.867 0.762391 -nan -8.00982e+178 0.762391 0.762391 0.76239 0.762391
0.868 0.763038 -nan 1.29602e+179 0.763038 0.763038 0.763037 0.763038
0.869 0.763684 -nan -2.097e+179 0.763684 0.763684 0.763683 0.763684
0.87 0.764329 -nan 3.39301e+179 0.764329 0.764329 0.764328 0.764329
0.871 0.764973 -nan -5.49001e+179 0.764973 0.764973 0.764973 0.764973
0.872 0.765617 -nan 8.88302e+179 0.765617 0.765617 0.765616 0.765617
0.873 0.76626 -nan -1.4373e+180 0.76626 0.76626 0.766259 0.76626
0.874 0.766902 -nan 2.32561e+180 0.766902 0.766902 0.766901 0.766902
0.875 0.767544 -nan -3.76291e+180 0.767544 0.767544 0.767543 0.767544
0.876 0.768184 -nan 6.08852e+180 0.768184 0.768184 0.768183 0.768184
0.877 0.768824 -nan -9.85142e+180 0.768824 0.768824 0.768823 0.768824
0.878 0.769463 -nan 1.59399e+181 0.769463 0.769463 0.769462 0.769463
0.879 0.770101 -nan -2.57914e+181 0.770101 0.770101 0.770101 0.770101
0.88 0.770739 -nan 4.17313e+181 0.770739 0.770739 0.770738 0.770739
0.881 0.771376 -nan -6.75227e+181 0.771376 0.771376 0.771375 0.771376
0.882 0.772012 -nan 1.09254e+182 0.772012 0.772012 0.772011 0.772012
0.883 0.772647 -nan -1.76777e+182 0.772647 0.772647 0.772646 0.772647
0.884 0.773281 -nan 2.86031e+182 0.773281 0.773281 0.773281 0.773281
0.885 0.773915 -nan -4.62807e+182 0.773915 0.773915 0.773914 0.773915
0.886 0.774548 -nan 7.48838e+182 0.774548 0.774548 0.774547 0.774548
0.887 0.77518 -nan -1.21165e+183 0.77518 0.77518 0.775179 0.77518
0.888 0.775811 -nan 1.96048e+183 0.775811 0.775811 0.775811 0.775811
0.889 0.776442 -nan -3.17213e+183 0.776442 0.776442 0.776441 0.776442
0.89 0.777072 -nan 5.13261e+183 0.777072 0.777072 0.777071 0.777072
0.891 0.777701 -nan -8.30474e+183 0.777701 0.777701 0.7777 0.777701
0.892 0.778329 -nan 1.34374e+184 0.778329 0.778329 0.778328 0.778329
0.893 0.778956 -nan -2.17421e+184 0.778956 0.778956 0.778956 0.778956
0.894 0.779583 -nan 3.51794e+184 0.779583 0.779583 0.779582 0.779583
0.895 0.780209 -nan -5.69215e+184 0.780209 0.780209 0.780208 0.780209
0.896 0.780834 -nan 9.2101e+184 0.780834 0.780834 0.780833 0.780834
0.897 0.781459 -nan -1.49023e+185 0.781459 0.781459 0.781458 0.781459
0.898 0.782082 -nan 2.41123e+185 0.782082 0.782082 0.782081 0.782082
0.899 0.782705 -nan -3.90146e+185 0.782705 0.782705 0.782704 0.782705
0.9 0.783327 -nan 6.31269e+185 0.783327 0.783327 0.783326 0.783327
0.901 0.783948 -nan -1.02142e+186 0.783948 0.783948 0.783947 0.783948
0.902 0.784569 -nan 1.65268e+186 0.784569 0.784569 0.784568 0.784569
0.903 0.785188 -nan -2.6741e+186 0.785188 0.785188 0.785187 0.785188
0.904 0.785807 -nan 4.32679e+186 0.785807 0.785807 0.785806 0.785807
0.905 0.786425 -nan -7.00089e+186 0.786425 0.786425 0.786424 0.786425
0.906 0.787042 -nan 1.13277e+187 0.787042 0.787042 0.787042 0.787042
0.907 0.787659 -nan -1.83286e+187 0.787659 0.787659 0.787658 0.787659
0.908 0.788275 -nan 2.96562e+187 0.788275 0.788275 0.788274 0.788275
0.909 0.78889 -nan -4.79848e+187 0.78889 0.78889 0.788889 0.78889
0.91 0.789504 -nan 7.7641e+187 0.789504 0.789504 0.789503 0.789504
0.911 0.790117 -nan -1.25626e+188 0.790117 0.790117 0.790116 0.790117
0.912 0.79073 -nan 2.03267e+188 0.79073 0.79073 0.790729 0.79073
0.913 0.791341 -nan -3.28893e+188 0.791341 0.791341 0.791341 0.791341
0.914 0.791952 -nan 5.32159e+188 0.791952 0.791952 0.791952 0.791952
0.915 0.792563 -nan -8.61052e+188 0.792563 0.792563 0.792562 0.792563
0.916 0.793172 -nan 1.39321e+189 0.793172 0.793172 0.793171 0.793172
0.917 0.793781 -nan -2.25426e+189 0.793781 0.793781 0.79378 0.793781
0.918 0.794388 -nan 3.64747e+189 0.794388 0.794388 0.794388 0.794388
0.919 0.794995 -nan -5.90174e+189 0.794995 0.794995 0.794995 0.794995
0.92 0.795602 -nan 9.54921e+189 0.795602 0.795602 0.795601 0.795602
0.921 0.796207 -nan -1.5451e+190 0.796207 0.796207 0.796206 0.796207
0.922 0.796812 -nan 2.50002e+190 0.796812 0.796812 0.796811 0.796812
0.923 0.797415 -nan -4.04511e+190 0.797415 0.797415 0.797415 0.797415
0.924 0.798019 -nan 6.54513e+190 0.798019 0.798019 0.798018 0.798019
0.925 0.798621 -nan -1.05902e+191 0.798621 0.798621 0.79862 0.798621
0.926 0.799222 -nan 1.71354e+191 0.799222 0.799222 0.799221 0.799222
0.927 0.799823 -nan -2.77256e+191 0.799823 0.799823 0.799822 0.799823
0.928 0.800423 -nan 4.4861e+191 0.800423 0.800423 0.800422 0.800423
0.929 0.801022 -nan -7.25866e+191 0.801022 0.801022 0.801021 0.801022
0.93 0.80162 -nan 1.17448e+192 0.80162 0.80162 0.801619 0.80162
0.931 0.802217 -nan -1.90034e+192 0.802217 0.802217 0.802217 0.802217
0.932 0.802814 -nan 3.07482e+192 0.802814 0.802814 0.802813 0.802814
0.933 0.80341 -nan -4.97516e+192 0.80341 0.80341 0.803409 0.80341
0.934 0.804005 -nan 8.04998e+192 0.804005 0.804005 0.804004 0.804005
0.935 0.804599 -nan -1.30251e+193 0.804599 0.804599 0.804598 0.804599
0.936 0.805192 -nan 2.10751e+193 0.805192 0.805192 0.805192 0.805192
0.937 0.805785 -nan -3.41002e+193 0.805785 0.805785 0.805784 0.805785
0.938 0.806377 -nan 5.51754e+193 0.806377 0.806377 0.806376 0.806377
0.939 0.806968 -nan -8.92756e+193 0.806968 0.806968 0.806967 0.806968
0.94 0.807558 -nan 1.44451e+194 0.807558 0.807558 0.807557 0.807558
0.941 0.808147 -nan -2.33727e+194 0.808147 0.808147 0.808147 0.808147
0.942 0.808736 -nan 3.78177e+194 0.808736 0.808736 0.808735 0.808736
0.943 0.809324 -nan -6.11904e+194 0.809324 0.809324 0.809323 0.809324
0.944 0.809911 -nan 9.90081e+194 0.809911 0.809911 0.80991 0.809911
0.945 0.810497 -nan -1.60199e+195 0.810497 0.810497 0.810496 0.810497
0.946 0.811082 -nan 2.59207e+195 0.811082 0.811082 0.811081 0.811082
0.947 0.811667 -nan -4.19405e+195 0.811667 0.811667 0.811666 0.811667
0.948 0.812251 -nan 6.78612e+195 0.812251 0.812251 0.81225 0.812251
0.949 0.812833 -nan -1.09802e+196 0.812833 0.812833 0.812833 0.812833
0.95 0.813416 -nan 1.77663e+196 0.813416 0.813416 0.813415 0.813416
0.951 0.813997 -nan -2.87465e+196 0.813997 0.813997 0.813996 0.813997
0.952 0.814577 -nan 4.65128e+196 0.814577 0.814577 0.814576 0.814577
0.953 0.815157 -nan -7.52592e+196 0.815157 0.815157 0.815156 0.815157
0.954 0.815736 -nan 1.21772e+197 0.815736 0.815736 0.815735 0.815736
0.955 0.816314 -nan -1.97031e+197 0.816314 0.816314 0.816313 0.816314
0.956 0.816891 -nan 3.18803e+197 0.816891 0.816891 0.81689 0.816891
0.957 0.817467 -nan -5.15834e+197 0.817467 0.817467 0.817467 0.817467
0.958 0.818043 -nan 8.34638e+197 0.818043 0.818043 0.818042 0.818043
0.959 0.818618 -nan -1.35047e+198 0.818618 0.818618 0.818617 0.818618
0.96 0.819192 -nan 2.18511e+198 0.819192 0.819192 0.819191 0.819192
0.961 0.819765 -nan -3.53558e+198 0.819765 0.819765 0.819764 0.819765
0.962 0.820337 -nan 5.72069e+198 0.820337 0.820337 0.820336 0.820337
0.963 0.820908 -nan -9.25627e+198 0.820908 0.820908 0.820908 0.820908
0.964 0.821479 -nan 1.4977e+199 0.821479 0.821479 0.821478 0.821479
0.965 0.822049 -nan -2.42332e+199 0.822049 0.822049 0.822048 0.822049
0.966 0.822618 -nan 3.92102e+199 0.822618 0.822618 0.822617 0.822618
0.967 0.823186 -nan -6.34434e+199 0.823186 0.823186 0.823185 0.823186
0.968 0.823753 -nan 1.02654e+200 0.823753 0.823753 0.823753 0.823753
0.969 0.82432 -nan -1.66097e+200 0.82432 0.82432 0.824319 0.82432
0.97 0.824886 -nan 2.68751e+200 0.824886 0.824886 0.824885 0.824886
0.971 0.825451 -nan -4.34848e+200 0.825451 0.825451 0.82545 0.825451
0.972 0.826015 -nan 7.03598e+200 0.826015 0.826015 0.826014 0.826015
0.973 0.826578 -nan -1.13845e+201 0.826578 0.826578 0.826577 0.826578
0.974 0.82714 -nan 1.84204e+201 0.82714 0.82714 0.827139 0.82714
0.975 0.827702 -nan -2.98049e+201 0.827702 0.827702 0.827701 0.827702
0.976 0.828263 -nan 4.82254e+201 0.828263 0.828263 0.828262 0.828263
0.977 0.828823 -nan -7.80303e+201 0.828823 0.828823 0.828822 0.828823
0.978 0.829382 -nan 1.26256e+202 0.829382 0.829382 0.829381 0.829382
0.979 0.82994 -nan -2.04286e+202 0.82994 0.82994 0.829939 0.82994
0.98 0.830497 -nan 3.30541e+202 0.830497 0.830497 0.830497 0.830497
0.981 0.831054 -nan -5.34827e+202 0.831054 0.831054 0.831053 0.831054
0.982 0.83161 -nan 8.65369e+202 0.83161 0.83161 0.831609 0.83161
0.983 0.832165 -nan -1.4002e+203 0.832165 0.832165 0.832164 0.832165
0.984 0.832719 -nan 2.26557e+203 0.832719 0.832719 0.832718 0.832719
0.985 0.833272 -nan -3.66576e+203 0.833272 0.833272 0.833271 0.833272
0.986 0.833825 -nan 5.93133e+203 0.833825 0.833825 0.833824 0.833825
0.987 0.834376 -nan -9.59709e+203 0.834376 0.834376 0.834375 0.834376
0.988 0.834927 -nan 1.55284e+204 0.834927 0.834927 0.834926 0.834927
0.989 0.835477 -nan -2.51255e+204 0.835477 0.835477 0.835476 0.835477
0.99 0.836026 -nan 4.06539e+204 0.836026 0.836026 0.836025 0.836026
0.991 0.836574 -nan -6.57794e+204 0.836574 0.836574 0.836573 0.836574
0.992 0.837122 -nan 1.06433e+205 0.837122 0.837122 0.837121 0.837122
0.993 0.837668 -nan -1.72213e+205 0.837668 0.837668 0.837667 0.837668
0.994 0.838214 -nan 2.78646e+205 0.838214 0.838214 0.838213 0.838214
0.995 0.838759 -nan -4.50859e+205 0.838759 0.838759 0.838758 0.838759
0.996 0.839303 -nan 7.29505e+205 0.839303 0.839303 0.839302 0.839303
0.997 0.839846 -nan -1.18036e+206 0.839846 0.839846 0.839845 0.839846
0.998 0.840389 -nan 1.90987e+206 0.840389 0.840389 0.840388 0.840389
0.999 0.84093 -nan -3.09023e+206 0.84093 0.84093 0.840929 0.84093
1 0.841471 -nan 5.0001e+206 0.841471 0.841471 0.84147 0.841471
