-5.1 1e-06 1.00002e-06 2.82846e-09 1.00283e-06 9.97172e-07 2.31798e-10 1.00023e-06 9.99768e-07
-5.0996 9.76239e-07 9.76252e-07 2.82779e-09 9.79067e-07 9.73411e-07 2.31743e-10 9.7647e-07 9.76007e-07
-5.0992 9.5295e-07 9.52965e-07 2.82711e-09 9.55777e-07 9.50123e-07 2.31689e-10 9.53182e-07 9.52718e-07
-5.0988 9.30126e-07 9.30124e-07 2.82644e-09 9.32952e-07 9.27299e-07 2.31635e-10 9.30357e-07 9.29894e-07
-5.0984 9.07759e-07 9.07758e-07 2.82577e-09 9.10585e-07 9.04933e-07 2.31581e-10 9.07991e-07 9.07527e-07
-5.098 8.85842e-07 8.85842e-07 2.8251e-09 8.88667e-07 8.83017e-07 2.31527e-10 8.86074e-07 8.85611e-07
-5.0976 8.64368e-07 8.64362e-07 2.82443e-09 8.67193e-07 8.61544e-07 2.31473e-10 8.646e-07 8.64137e-07
-5.0972 8.4333e-07 8.43342e-07 2.82376e-09 8.46154e-07 8.40506e-07 2.31419e-10 8.43561e-07 8.43099e-07
-5.0968 8.2272e-07 8.22723e-07 2.82309e-09 8.25543e-07 8.19897e-07 2.31365e-10 8.22952e-07 8.22489e-07
-5.0964 8.02532e-07 8.02531e-07 2.82241e-09 8.05354e-07 7.99709e-07 2.31311e-10 8.02763e-07 8.023e-07
-5.096 7.82758e-07 7.82766e-07 2.82174e-09 7.8558e-07 7.79936e-07 2.31256e-10 7.82989e-07 7.82527e-07
-5.0956 7.63392e-07 7.63379e-07 2.82107e-09 7.66213e-07 7.6057e-07 2.31202e-10 7.63623e-07 7.6316e-07
-5.0952 7.44426e-07 7.44434e-07 2.8204e-09 7.47247e-07 7.41606e-07 2.31148e-10 7.44657e-07 7.44195e-07
-5.0948 7.25855e-07 7.25848e-07 2.81973e-09 7.28675e-07 7.23036e-07 2.31094e-10 7.26086e-07 7.25624e-07
-5.0944 7.07672e-07 7.07669e-07 2.81906e-09 7.10491e-07 7.04853e-07 2.3104e-10 7.07903e-07 7.07441e-07
-5.094 6.8987e-07 6.89861e-07 2.81839e-09 6.92688e-07 6.87051e-07 2.30986e-10 6.90101e-07 6.89639e-07
-5.0936 6.72442e-07 6.72464e-07 2.81772e-09 6.7526e-07 6.69625e-07 2.30932e-10 6.72673e-07 6.72211e-07
-5.0932 6.55383e-07 6.55396e-07 2.81705e-09 6.58201e-07 6.52566e-07 2.30878e-10 6.55614e-07 6.55153e-07
-5.0928 6.38687e-07 6.38689e-07 2.81638e-09 6.41503e-07 6.3587e-07 2.30824e-10 6.38918e-07 6.38456e-07
-5.0924 6.22346e-07 6.22347e-07 2.81571e-09 6.25162e-07 6.1953e-07 2.3077e-10 6.22577e-07 6.22115e-07
-5.092 6.06355e-07 6.06333e-07 2.81504e-09 6.0917e-07 6.0354e-07 2.30716e-10 6.06586e-07 6.06124e-07
-5.0916 5.90708e-07 5.907e-07 2.81437e-09 5.93522e-07 5.87894e-07 2.30662e-10 5.90939e-07 5.90477e-07
-5.0912 5.75399e-07 5.75395e-07 2.8137e-09 5.78213e-07 5.72585e-07 2.30608e-10 5.7563e-07 5.75168e-07
-5.0908 5.60422e-07 5.60452e-07 2.81303e-09 5.63235e-07 5.57609e-07 2.30554e-10 5.60652e-07 5.60191e-07
-5.0904 5.45771e-07 5.45773e-07 2.81237e-09 5.48584e-07 5.42959e-07 2.30501e-10 5.46002e-07 5.45541e-07
-5.09 5.31441e-07 5.3144e-07 2.8117e-09 5.34253e-07 5.28629e-07 2.30447e-10 5.31671e-07 5.31211e-07
-5.0896 5.17426e-07 5.17408e-07 2.81103e-09 5.20237e-07 5.14615e-07 2.30393e-10 5.17656e-07 5.17195e-07
-5.0892 5.0372e-07 5.03707e-07 2.81036e-09 5.0653e-07 5.0091e-07 2.30339e-10 5.0395e-07 5.0349e-07
-5.0888 4.90318e-07 4.90321e-07 2.80969e-09 4.93128e-07 4.87508e-07 2.30285e-10 4.90548e-07 4.90088e-07
-5.0884 4.77214e-07 4.77186e-07 2.80902e-09 4.80023e-07 4.74405e-07 2.30231e-10 4.77445e-07 4.76984e-07
-5.088 4.64404e-07 4.6441e-07 2.80835e-09 4.67212e-07 4.61596e-07 2.30177e-10 4.64634e-07 4.64174e-07
-5.0876 4.51882e-07 4.51892e-07 2.80769e-09 4.54689e-07 4.49074e-07 2.30123e-10 4.52112e-07 4.51651e-07
-5.0872 4.39642e-07 4.39644e-07 2.80702e-09 4.42449e-07 4.36835e-07 2.3007e-10 4.39872e-07 4.39412e-07
-5.0868 4.27679e-07 4.27701e-07 2.80635e-09 4.30486e-07 4.24873e-07 2.30016e-10 4.27909e-07 4.27449e-07
-5.0864 4.1599e-07 4.16012e-07 2.80568e-09 4.18795e-07 4.13184e-07 2.29962e-10 4.1622e-07 4.1576e-07
-5.086 4.04567e-07 4.04598e-07 2.80502e-09 4.07372e-07 4.01762e-07 2.29908e-10 4.04797e-07 4.04337e-07
-5.0856 3.93407e-07 3.93422e-07 2.80435e-09 3.96212e-07 3.90603e-07 2.29854e-10 3.93637e-07 3.93178e-07
-5.0852 3.82505e-07 3.82504e-07 2.80368e-09 3.85309e-07 3.79702e-07 2.298e-10 3.82735e-07 3.82276e-07
-5.0848 3.71856e-07 3.71865e-07 2.80301e-09 3.74659e-07 3.69053e-07 2.29747e-10 3.72086e-07 3.71627e-07
-5.0844 3.61455e-07 3.61471e-07 2.80235e-09 3.64258e-07 3.58653e-07 2.29693e-10 3.61685e-07 3.61226e-07
-5.084 3.51298e-07 3.51278e-07 2.80168e-09 3.541e-07 3.48496e-07 2.29639e-10 3.51528e-07 3.51068e-07
-5.0836 3.4138e-07 3.41373e-07 2.80101e-09 3.44181e-07 3.38579e-07 2.29585e-10 3.41609e-07 3.4115e-07
-5.0832 3.31696e-07 3.31685e-07 2.80035e-09 3.34496e-07 3.28895e-07 2.29532e-10 3.31925e-07 3.31466e-07
-5.0828 3.22242e-07 3.22258e-07 2.79968e-09 3.25042e-07 3.19442e-07 2.29478e-10 3.22471e-07 3.22012e-07
-5.0824 3.13014e-07 3.13019e-07 2.79901e-09 3.15813e-07 3.10215e-07 2.29424e-10 3.13243e-07 3.12784e-07
-5.082 3.04007e-07 3.04004e-07 2.79835e-09 3.06805e-07 3.01208e-07 2.2937e-10 3.04236e-07 3.03777e-07
-5.0816 2.95217e-07 2.95227e-07 2.79768e-09 2.98014e-07 2.92419e-07 2.29317e-10 2.95446e-07 2.94987e-07
-5.0812 2.8664e-07 2.86624e-07 2.79702e-09 2.89437e-07 2.83843e-07 2.29263e-10 2.86869e-07 2.8641e-07
-5.0808 2.78271e-07 2.78253e-07 2.79635e-09 2.81067e-07 2.75475e-07 2.29209e-10 2.785e-07 2.78042e-07
-5.0804 2.70107e-07 2.70087e-07 2.79568e-09 2.72903e-07 2.67312e-07 2.29156e-10 2.70336e-07 2.69878e-07
-5.08 2.62144e-07 2.62153e-07 2.79502e-09 2.64939e-07 2.59349e-07 2.29102e-10 2.62373e-07 2.61915e-07
-5.0796 2.54377e-07 2.54375e-07 2.79435e-09 2.57172e-07 2.51583e-07 2.29048e-10 2.54606e-07 2.54148e-07
-5.0792 2.46803e-07 2.46799e-07 2.79369e-09 2.49597e-07 2.4401e-07 2.28995e-10 2.47032e-07 2.46574e-07
-5.0788 2.39418e-07 2.39408e-07 2.79302e-09 2.42211e-07 2.36625e-07 2.28941e-10 2.39647e-07 2.39189e-07
-5.0784 2.32218e-07 2.32221e-07 2.79236e-09 2.35011e-07 2.29426e-07 2.28888e-10 2.32447e-07 2.31989e-07
-5.078 2.252e-07 2.25205e-07 2.79169e-09 2.27991e-07 2.22408e-07 2.28834e-10 2.25428e-07 2.24971e-07
-5.0776 2.18359e-07 2.18361e-07 2.79103e-09 2.2115e-07 2.15568e-07 2.2878e-10 2.18587e-07 2.1813e-07
-5.0772 2.11692e-07 2.11672e-07 2.79036e-09 2.14482e-07 2.08901e-07 2.28727e-10 2.1192e-07 2.11463e-07
-5.0768 2.05195e-07 2.05197e-07 2.7897e-09 2.07985e-07 2.02406e-07 2.28673e-10 2.05424e-07 2.04967e-07
-5.0764 1.98866e-07 1.98868e-07 2.78903e-09 2.01655e-07 1.96077e-07 2.2862e-10 1.99094e-07 1.98637e-07
-5.076 1.927e-07 1.92687e-07 2.78837e-09 1.95488e-07 1.89912e-07 2.28566e-10 1.92928e-07 1.92471e-07
-5.0756 1.86694e-07 1.86692e-07 2.78771e-09 1.89482e-07 1.83906e-07 2.28513e-10 1.86923e-07 1.86466e-07
-5.0752 1.80845e-07 1.80855e-07 2.78704e-09 1.83632e-07 1.78058e-07 2.28459e-10 1.81074e-07 1.80617e-07
-5.0748 1.7515e-07 1.75169e-07 2.78638e-09 1.77936e-07 1.72363e-07 2.28405e-10 1.75378e-07 1.74921e-07
-5.0744 1.69605e-07 1.69592e-07 2.78571e-09 1.7239e-07 1.66819e-07 2.28352e-10 1.69833e-07 1.69376e-07
-5.074 1.64206e-07 1.64187e-07 2.78505e-09 1.66992e-07 1.61421e-07 2.28298e-10 1.64435e-07 1.63978e-07
-5.0736 1.58952e-07 1.58956e-07 2.78439e-09 1.61737e-07 1.56168e-07 2.28245e-10 1.59181e-07 1.58724e-07
-5.0732 1.53839e-07 1.53859e-07 2.78372e-09 1.56623e-07 1.51055e-07 2.28191e-10 1.54067e-07 1.53611e-07
-5.0728 1.48864e-07 1.48861e-07 2.78306e-09 1.51647e-07 1.4608e-07 2.28138e-10 1.49092e-07 1.48635e-07
-5.0724 1.44023e-07 1.44035e-07 2.7824e-09 1.46805e-07 1.4124e-07 2.28085e-10 1.44251e-07 1.43795e-07
-5.072 1.39314e-07 1.39302e-07 2.78174e-09 1.42096e-07 1.36532e-07 2.28031e-10 1.39542e-07 1.39086e-07
-5.0716 1.34734e-07 1.34738e-07 2.78107e-09 1.37515e-07 1.31953e-07 2.27978e-10 1.34962e-07 1.34506e-07
-5.0712 1.30281e-07 1.30287e-07 2.78041e-09 1.33061e-07 1.275e-07 2.27924e-10 1.30509e-07 1.30053e-07
-5.0708 1.2595e-07 1.25932e-07 2.77975e-09 1.2873e-07 1.23171e-07 2.27871e-10 1.26178e-07 1.25723e-07
-5.0704 1.21741e-07 1.21727e-07 2.77908e-09 1.2452e-07 1.18962e-07 2.27817e-10 1.21969e-07 1.21513e-07
-5.07 1.17649e-07 1.1765e-07 2.77842e-09 1.20427e-07 1.14871e-07 2.27764e-10 1.17877e-07 1.17421e-07
-5.0696 1.13673e-07 1.13672e-07 2.77776e-09 1.1645e-07 1.10895e-07 2.27711e-10 1.139e-07 1.13445e-07
-5.0692 1.09809e-07 1.09818e-07 2.7771e-09 1.12586e-07 1.07032e-07 2.27657e-10 1.10036e-07 1.09581e-07
-5.0688 1.06055e-07 1.06047e-07 2.77644e-09 1.08831e-07 1.03278e-07 2.27604e-10 1.06282e-07 1.05827e-07
-5.0684 1.02409e-07 1.02416e-07 2.77577e-09 1.05184e-07 9.96329e-08 2.2755e-10 1.02636e-07 1.02181e-07
-5.068 9.88675e-08 9.8893e-08 2.77511e-09 1.01643e-07 9.60924e-08 2.27497e-10 9.9095e-08 9.864e-08
-5.0676 9.5429e-08 9.54351e-08 2.77445e-09 9.82034e-08 9.26545e-08 2.27444e-10 9.56564e-08 9.52015e-08
-5.0672 9.20907e-08 9.20973e-08 2.77379e-09 9.48645e-08 8.93169e-08 2.2739e-10 9.23181e-08 9.18633e-08
-5.0668 8.88503e-08 8.88522e-08 2.77313e-09 9.16234e-08 8.60771e-08 2.27337e-10 8.90776e-08 8.86229e-08
-5.0664 8.57055e-08 8.56944e-08 2.77247e-09 8.84779e-08 8.2933e-08 2.27284e-10 8.59327e-08 8.54782e-08
-5.066 8.2654e-08 8.26549e-08 2.77181e-09 8.54258e-08 7.98821e-08 2.2723e-10 8.28812e-08 8.24267e-08
-5.0656 7.96935e-08 7.96917e-08 2.77115e-09 8.24647e-08 7.69224e-08 2.27177e-10 7.99207e-08 7.94663e-08
-5.0652 7.6822e-08 7.68159e-08 2.77049e-09 7.95925e-08 7.40515e-08 2.27124e-10 7.70491e-08 7.65949e-08
-5.0648 7.40372e-08 7.40729e-08 2.76983e-09 7.6807e-08 7.12674e-08 2.27071e-10 7.42643e-08 7.38101e-08
-5.0644 7.13371e-08 7.13571e-08 2.76916e-09 7.41062e-08 6.85679e-08 2.27017e-10 7.15641e-08 7.111e-08
-5.064 6.87195e-08 6.87087e-08 2.7685e-09 7.1488e-08 6.5951e-08 2.26964e-10 6.89464e-08 6.84925e-08
-5.0636 6.61824e-08 6.61694e-08 2.76784e-09 6.89503e-08 6.34146e-08 2.26911e-10 6.64093e-08 6.59555e-08
-5.0632 6.37239e-08 6.37156e-08 2.76718e-09 6.64911e-08 6.09567e-08 2.26858e-10 6.39508e-08 6.34971e-08
-5.0628 6.1342e-08 6.13309e-08 2.76652e-09 6.41085e-08 5.85755e-08 2.26804e-10 6.15688e-08 6.11152e-08
-5.0624 5.90347e-08 5.90408e-08 2.76586e-09 6.18006e-08 5.62689e-08 2.26751e-10 5.92615e-08 5.8808e-08
-5.062 5.68002e-08 5.68307e-08 2.76521e-09 5.95654e-08 5.4035e-08 2.26698e-10 5.70269e-08 5.65735e-08
-5.0616 5.46367e-08 5.46206e-08 2.76455e-09 5.74012e-08 5.18721e-08 2.26645e-10 5.48633e-08 5.441e-08
-5.0612 5.25422e-08 5.25506e-08 2.76389e-09 5.53061e-08 4.97783e-08 2.26592e-10 5.27688e-08 5.23156e-08
-5.0608 5.05151e-08 5.05133e-08 2.76323e-09 5.32784e-08 4.77519e-08 2.26539e-10 5.07417e-08 5.02886e-08
-5.0604 4.85536e-08 4.85525e-08 2.76257e-09 5.13162e-08 4.57911e-08 2.26485e-10 4.87801e-08 4.83271e-08
-5.06 4.6656e-08 4.66371e-08 2.76191e-09 4.94179e-08 4.38941e-08 2.26432e-10 4.68824e-08 4.64296e-08
-5.0596 4.48206e-08 4.48181e-08 2.76125e-09 4.75818e-08 4.20593e-08 2.26379e-10 4.5047e-08 4.45942e-08
-5.0592 4.30457e-08 4.30464e-08 2.76059e-09 4.58063e-08 4.02852e-08 2.26326e-10 4.32721e-08 4.28194e-08
-5.0588 4.13299e-08 4.13602e-08 2.75993e-09 4.40898e-08 3.85699e-08 2.26273e-10 4.15561e-08 4.11036e-08
-5.0584 3.96714e-08 3.9694e-08 2.75927e-09 4.24306e-08 3.69121e-08 2.2622e-10 3.98976e-08 3.94451e-08
-5.058 3.80687e-08 3.80587e-08 2.75862e-09 4.08273e-08 3.53101e-08 2.26167e-10 3.82949e-08 3.78425e-08
-5.0576 3.65203e-08 3.6518e-08 2.75796e-09 3.92783e-08 3.37624e-08 2.26114e-10 3.67465e-08 3.62942e-08
-5.0572 3.50248e-08 3.50119e-08 2.7573e-09 3.77821e-08 3.22675e-08 2.2606e-10 3.52509e-08 3.47988e-08
-5.0568 3.35807e-08 3.36058e-08 2.75664e-09 3.63374e-08 3.08241e-08 2.26007e-10 3.38067e-08 3.33547e-08
-5.0564 3.21866e-08 3.21961e-08 2.75598e-09 3.49425e-08 2.94306e-08 2.25954e-10 3.24125e-08 3.19606e-08
-5.056 3.0841e-08 3.08683e-08 2.75533e-09 3.35963e-08 2.80857e-08 2.25901e-10 3.10669e-08 3.06151e-08
-5.0556 2.95426e-08 2.95313e-08 2.75467e-09 3.22973e-08 2.67879e-08 2.25848e-10 2.97685e-08 2.93168e-08
-5.0552 2.82901e-08 2.8278e-08 2.75401e-09 3.10441e-08 2.55361e-08 2.25795e-10 2.85159e-08 2.80643e-08
-5.0548 2.70822e-08 2.70738e-08 2.75335e-09 2.98355e-08 2.43288e-08 2.25742e-10 2.73079e-08 2.68564e-08
-5.0544 2.59175e-08 2.5906e-08 2.7527e-09 2.86702e-08 2.31648e-08 2.25689e-10 2.61432e-08 2.56918e-08
-5.054 2.47949e-08 2.48074e-08 2.75204e-09 2.7547e-08 2.20429e-08 2.25636e-10 2.50205e-08 2.45693e-08
-5.0536 2.37131e-08 2.37014e-08 2.75138e-09 2.64645e-08 2.09617e-08 2.25583e-10 2.39387e-08 2.34875e-08
-5.0532 2.2671e-08 2.26755e-08 2.75073e-09 2.54217e-08 1.99202e-08 2.2553e-10 2.28965e-08 2.24454e-08
-5.0528 2.16672e-08 2.1646e-08 2.75007e-09 2.44173e-08 1.89172e-08 2.25477e-10 2.18927e-08 2.14418e-08
-5.0524 2.07008e-08 2.07147e-08 2.74941e-09 2.34502e-08 1.79514e-08 2.25424e-10 2.09263e-08 2.04754e-08
-5.052 1.97706e-08 1.97815e-08 2.74876e-09 2.25194e-08 1.70219e-08 2.25371e-10 1.9996e-08 1.95452e-08
-5.0516 1.88755e-08 1.88538e-08 2.7481e-09 2.16236e-08 1.61274e-08 2.25319e-10 1.91008e-08 1.86502e-08
-5.0512 1.80144e-08 1.80189e-08 2.74744e-09 2.07618e-08 1.5267e-08 2.25266e-10 1.82397e-08 1.77891e-08
-5.0508 1.71863e-08 1.71603e-08 2.74679e-09 1.99331e-08 1.44395e-08 2.25213e-10 1.74115e-08 1.69611e-08
-5.0504 1.63902e-08 1.63745e-08 2.74613e-09 1.91363e-08 1.3644e-08 2.2516e-10 1.66153e-08 1.6165e-08
-5.05 1.5625e-08 1.56197e-08 2.74548e-09 1.83705e-08 1.28795e-08 2.25107e-10 1.58501e-08 1.53999e-08
-5.0496 1.48898e-08 1.48939e-08 2.74482e-09 1.76347e-08 1.2145e-08 2.25054e-10 1.51149e-08 1.46648e-08
-5.0492 1.41837e-08 1.41918e-08 2.74417e-09 1.69279e-08 1.14396e-08 2.25001e-10 1.44087e-08 1.39587e-08
-5.0488 1.35058e-08 1.35278e-08 2.74351e-09 1.62493e-08 1.07622e-08 2.24948e-10 1.37307e-08 1.32808e-08
-5.0484 1.2855e-08 1.28493e-08 2.74286e-09 1.55979e-08 1.01121e-08 2.24895e-10 1.30799e-08 1.26301e-08
-5.048 1.22306e-08 1.22163e-08 2.7422e-09 1.49728e-08 9.48839e-09 2.24843e-10 1.24554e-08 1.20057e-08
-5.0476 1.16317e-08 1.16124e-08 2.74155e-09 1.43732e-08 8.89011e-09 2.2479e-10 1.18565e-08 1.14069e-08
-5.0472 1.10574e-08 1.10394e-08 2.74089e-09 1.37983e-08 8.31648e-09 2.24737e-10 1.12821e-08 1.08326e-08
-5.0468 1.05069e-08 1.05083e-08 2.74024e-09 1.32471e-08 7.76668e-09 2.24684e-10 1.07316e-08 1.02822e-08
-5.0464 9.97948e-09 9.96442e-09 2.73958e-09 1.27191e-08 7.2399e-09 2.24631e-10 1.02041e-08 9.75485e-09
-5.046 9.4743e-09 9.4733e-09 2.73893e-09 1.22132e-08 6.73537e-09 2.24579e-10 9.69888e-09 9.24972e-09
-5.0456 8.99061e-09 8.99126e-09 2.73827e-09 1.17289e-08 6.25233e-09 2.24526e-10 9.21513e-09 8.76608e-09
-5.0452 8.52767e-09 8.51469e-09 2.73762e-09 1.12653e-08 5.79006e-09 2.24473e-10 8.75215e-09 8.3032e-09
-5.0448 8.08478e-09 8.07267e-09 2.73696e-09 1.08217e-08 5.34781e-09 2.2442e-10 8.3092e-09 7.86036e-09
-5.0444 7.66122e-09 7.65431e-09 2.73631e-09 1.03975e-08 4.92491e-09 2.24367e-10 7.88559e-09 7.43685e-09
-5.044 7.25631e-09 7.25413e-09 2.73566e-09 9.99197e-09 4.52066e-09 2.24315e-10 7.48063e-09 7.032e-09
-5.0436 6.8694e-09 6.86668e-09 2.735e-09 9.60441e-09 4.1344e-09 2.24262e-10 7.09366e-09 6.64514e-09
-5.0432 6.49984e-09 6.49561e-09 2.73435e-09 9.23419e-09 3.76549e-09 2.24209e-10 6.72405e-09 6.27563e-09
-5.0428 6.14699e-09 6.13727e-09 2.7337e-09 8.88069e-09 3.41329e-09 2.24157e-10 6.37115e-09 5.92283e-09
-5.0424 5.81025e-09 5.79712e-09 2.73304e-09 8.5433e-09 3.07721e-09 2.24104e-10 6.03436e-09 5.58615e-09
-5.042 5.48903e-09 5.52063e-09 2.73239e-09 8.22142e-09 2.75664e-09 2.24051e-10 5.71308e-09 5.26498e-09
-5.0416 5.18275e-09 5.21322e-09 2.73174e-09 7.91448e-09 2.45101e-09 2.23999e-10 5.40675e-09 4.95875e-09
-5.0412 4.89084e-09 4.904e-09 2.73108e-09 7.62192e-09 2.15975e-09 2.23946e-10 5.11478e-09 4.66689e-09
-5.0408 4.61276e-09 4.59659e-09 2.73043e-09 7.34319e-09 1.88233e-09 2.23893e-10 4.83665e-09 4.38887e-09
-5.0404 4.34799e-09 4.35466e-09 2.72978e-09 7.07777e-09 1.61821e-09 2.23841e-10 4.57183e-09 4.12415e-09
-5.04 4.096e-09 4.08363e-09 2.72913e-09 6.82513e-09 1.36687e-09 2.23788e-10 4.31979e-09 3.87221e-09
-5.0396 3.8563e-09 3.87809e-09 2.72847e-09 6.58478e-09 1.12783e-09 2.23735e-10 4.08004e-09 3.63257e-09
-5.0392 3.62841e-09 3.63616e-09 2.72782e-09 6.35623e-09 9.00588e-10 2.23683e-10 3.85209e-09 3.40473e-09
-5.0388 3.41185e-09 3.42516e-09 2.72717e-09 6.13902e-09 6.84683e-10 2.2363e-10 3.63548e-09 3.18822e-09
-5.0384 3.20618e-09 3.21234e-09 2.72652e-09 5.93269e-09 4.79657e-10 2.23577e-10 3.42975e-09 2.9826e-09
-5.038 3.01094e-09 3.02316e-09 2.72587e-09 5.7368e-09 2.8507e-10 2.23525e-10 3.23446e-09 2.78741e-09
-5.0376 2.82571e-09 2.83217e-09 2.72522e-09 5.55092e-09 1.00492e-10 2.23472e-10 3.04918e-09 2.60223e-09
-5.0372 2.65007e-09 2.66664e-09 2.72456e-09 5.37464e-09 -7.44917e-11 2.2342e-10 2.87349e-09 2.42665e-09
-5.0368 2.48363e-09 2.4811e-09 2.72391e-09 5.20754e-09 -2.40282e-10 2.23367e-10 2.707e-09 2.26026e-09
-5.0364 2.32599e-09 2.30284e-09 2.72326e-09 5.04925e-09 -3.97268e-10 2.23315e-10 2.54931e-09 2.10268e-09
-5.036 2.17678e-09 2.21371e-09 2.72261e-09 4.89939e-09 -5.45827e-10 2.23262e-10 2.40004e-09 1.95352e-09
-5.0356 2.03564e-09 2.03545e-09 2.72196e-09 4.75759e-09 -6.86323e-10 2.2321e-10 2.25884e-09 1.81243e-09
-5.0352 1.9022e-09 1.9063e-09 2.72131e-09 4.62351e-09 -8.19109e-10 2.23157e-10 2.12536e-09 1.67904e-09
-5.0348 1.77613e-09 1.7917e-09 2.72066e-09 4.49679e-09 -9.44524e-10 2.23105e-10 1.99924e-09 1.55303e-09
-5.0344 1.65711e-09 1.65346e-09 2.72001e-09 4.37711e-09 -1.0629e-09 2.23052e-10 1.88016e-09 1.43406e-09
-5.034 1.5448e-09 1.5425e-09 2.71936e-09 4.26416e-09 -1.17455e-09 2.23e-10 1.7678e-09 1.3218e-09
-5.0336 1.43892e-09 1.45337e-09 2.71871e-09 4.15762e-09 -1.27979e-09 2.22947e-10 1.66186e-09 1.21597e-09
-5.0332 1.33915e-09 1.33514e-09 2.71806e-09 4.0572e-09 -1.37891e-09 2.22895e-10 1.56204e-09 1.11625e-09
-5.0328 1.24521e-09 1.24237e-09 2.71741e-09 3.96262e-09 -1.47219e-09 2.22842e-10 1.46805e-09 1.02237e-09
-5.0324 1.15683e-09 1.16233e-09 2.71676e-09 3.87359e-09 -1.55992e-09 2.2279e-10 1.37962e-09 9.34042e-10
-5.032 1.07374e-09 1.07866e-09 2.71611e-09 3.78985e-09 -1.64236e-09 2.22737e-10 1.29648e-09 8.51005e-10
-5.0316 9.95686e-10 1.00772e-09 2.71546e-09 3.71114e-09 -1.71977e-09 2.22685e-10 1.21837e-09 7.73001e-10
-5.0312 9.22418e-10 9.09495e-10 2.71481e-09 3.63722e-09 -1.79239e-09 2.22632e-10 1.14505e-09 6.99785e-10
-5.0308 8.53698e-10 8.29459e-10 2.71416e-09 3.56785e-09 -1.86046e-09 2.2258e-10 1.07628e-09 6.31118e-10
-5.0304 7.89299e-10 7.567e-10 2.71351e-09 3.50281e-09 -1.92421e-09 2.22528e-10 1.01183e-09 5.66771e-10
-5.03 7.29e-10 7.33053e-10 2.71286e-09 3.44186e-09 -1.98386e-09 2.22475e-10 9.51475e-10 5.06525e-10
-5.0296 6.7259e-10 6.76664e-10 2.71221e-09 3.3848e-09 -2.03962e-09 2.22423e-10 8.95013e-10 4.50167e-10
-5.0292 6.19865e-10 6.09361e-10 2.71156e-09 3.33143e-09 -2.0917e-09 2.22371e-10 8.42236e-10 3.97494e-10
-5.0288 5.7063e-10 5.74801e-10 2.71091e-09 3.28154e-09 -2.14028e-09 2.22318e-10 7.92949e-10 3.48312e-10
-5.0284 5.24699e-10 5.14774e-10 2.71026e-09 3.23496e-09 -2.18556e-09 2.22266e-10 7.46965e-10 3.02433e-10
-5.028 4.8189e-10 4.80213e-10 2.70961e-09 3.1915e-09 -2.22772e-09 2.22213e-10 7.04104e-10 2.59677e-10
-5.0276 4.42033e-10 4.38376e-10 2.70897e-09 3.151e-09 -2.26693e-09 2.22161e-10 6.64194e-10 2.19872e-10
-5.0272 4.04961e-10 3.89264e-10 2.70832e-09 3.11328e-09 -2.30336e-09 2.22109e-10 6.2707e-10 1.82852e-10
-5.0268 3.70518e-10 3.91083e-10 2.70767e-09 3.07819e-09 -2.33715e-09 2.22057e-10 5.92574e-10 1.48461e-10
-5.0264 3.38551e-10 3.34694e-10 2.70702e-09 3.04557e-09 -2.36847e-09 2.22004e-10 5.60555e-10 1.16546e-10
-5.026 3.08916e-10 3.12866e-10 2.70637e-09 3.01529e-09 -2.39746e-09 2.21952e-10 5.30868e-10 8.69638e-11
-5.0256 2.81475e-10 2.72848e-10 2.70573e-09 2.9872e-09 -2.42425e-09 2.219e-10 5.03375e-10 5.95753e-11
-5.0252 2.56096e-10 2.43745e-10 2.70508e-09 2.96117e-09 -2.44898e-09 2.21847e-10 4.77944e-10 3.42488e-11
-5.0248 2.32654e-10 2.14641e-10 2.70443e-09 2.93708e-09 -2.47178e-09 2.21795e-10 4.54449e-10 1.08586e-11
-5.0244 2.11027e-10 2.25555e-10 2.70378e-09 2.91481e-09 -2.49276e-09 2.21743e-10 4.3277e-10 -1.07155e-11
-5.024 1.91103e-10 1.94632e-10 2.70314e-09 2.89424e-09 -2.51203e-09 2.21691e-10 4.12794e-10 -3.05877e-11
-5.0236 1.72771e-10 1.63709e-10 2.70249e-09 2.87526e-09 -2.52972e-09 2.21638e-10 3.9441e-10 -4.8867e-11
-5.0232 1.55929e-10 1.56433e-10 2.70184e-09 2.85777e-09 -2.54591e-09 2.21586e-10 3.77516e-10 -6.56569e-11
-5.0228 1.40478e-10 1.54614e-10 2.70119e-09 2.84167e-09 -2.56072e-09 2.21534e-10 3.62012e-10 -8.10558e-11
-5.0224 1.26325e-10 1.16415e-10 2.70055e-09 2.82687e-09 -2.57422e-09 2.21482e-10 3.47807e-10 -9.51572e-11
-5.022 1.1338e-10 1.36424e-10 2.6999e-09 2.81328e-09 -2.58652e-09 2.2143e-10 3.3481e-10 -1.0805e-10
-5.0216 1.0156e-10 6.91216e-11 2.69925e-09 2.80081e-09 -2.59769e-09 2.21378e-10 3.22937e-10 -1.19818e-10
-5.0212 9.07852e-11 9.27685e-11 2.69861e-09 2.78939e-09 -2.60782e-09 2.21325e-10 3.12111e-10 -1.3054e-10
-5.0208 8.09804e-11 8.36735e-11 2.69796e-09 2.77894e-09 -2.61698e-09 2.21273e-10 3.02254e-10 -1.40293e-10
-5.0204 7.20744e-11 9.45874e-11 2.69732e-09 2.76939e-09 -2.62524e-09 2.21221e-10 2.93295e-10 -1.49147e-10
-5.02 6.4e-11 5.63887e-11 2.69667e-09 2.76067e-09 -2.63267e-09 2.21169e-10 2.85169e-10 -1.57169e-10
-5.0196 5.66939e-11 8.18545e-11 2.69602e-09 2.75272e-09 -2.63933e-09 2.21117e-10 2.77811e-10 -1.64423e-10
-5.0192 5.00965e-11 6.18456e-11 2.69538e-09 2.74547e-09 -2.64528e-09 2.21065e-10 2.71161e-10 -1.70968e-10
-5.0188 4.41517e-11 3.45608e-11 2.69473e-09 2.73888e-09 -2.65058e-09 2.21013e-10 2.65164e-10 -1.76861e-10
-5.0184 3.88067e-11 4.18368e-11 2.69409e-09 2.73289e-09 -2.65528e-09 2.20961e-10 2.59767e-10 -1.82154e-10
-5.018 3.40122e-11 5.09317e-11 2.69344e-09 2.72745e-09 -2.65943e-09 2.20908e-10 2.54921e-10 -1.86896e-10
-5.0176 2.97219e-11 2.36469e-11 2.6928e-09 2.72252e-09 -2.66307e-09 2.20856e-10 2.50578e-10 -1.91135e-10
-5.0172 2.58923e-11 7.27596e-12 2.69215e-09 2.71804e-09 -2.66626e-09 2.20804e-10 2.46697e-10 -1.94912e-10
-5.0168 2.24831e-11 2.54659e-11 2.69151e-09 2.71399e-09 -2.66902e-09 2.20752e-10 2.43235e-10 -1.98269e-10
-5.0164 1.94564e-11 1.27329e-11 2.69086e-09 2.71032e-09 -2.67141e-09 2.207e-10 2.40157e-10 -2.01244e-10
-5.016 1.67772e-11 3.63798e-12 2.69022e-09 2.70699e-09 -2.67344e-09 2.20648e-10 2.37425e-10 -2.03871e-10
-5.0156 1.44128e-11 -1.81899e-12 2.68957e-09 2.70399e-09 -2.67516e-09 2.20596e-10 2.35009e-10 -2.06183e-10
-5.0152 1.23328e-11 1.81899e-11 2.68893e-09 2.70126e-09 -2.6766e-09 2.20544e-10 2.32877e-10 -2.08211e-10
-5.0148 1.05092e-11 2.18279e-11 2.68828e-09 2.69879e-09 -2.67777e-09 2.20492e-10 2.31001e-10 -2.09983e-10
-5.0144 8.9161e-12 1.27329e-11 2.68764e-09 2.69656e-09 -2.67872e-09 2.2044e-10 2.29356e-10 -2.11524e-10
-5.014 7.52954e-12 5.45697e-12 2.687e-09 2.69453e-09 -2.67947e-09 2.20388e-10 2.27918e-10 -2.12859e-10
-5.0136 6.32752e-12 1.09139e-11 2.68635e-09 2.69268e-09 -2.68002e-09 2.20336e-10 2.26664e-10 -2.14009e-10
-5.0132 5.28985e-12 -2.00089e-11 2.68571e-09 2.691e-09 -2.68042e-09 2.20284e-10 2.25574e-10 -2.14994e-10
-5.0128 4.39805e-12 -7.27596e-12 2.68506e-09 2.68946e-09 -2.68067e-09 2.20232e-10 2.2463e-10 -2.15834e-10
-5.0124 3.63522e-12 2.00089e-11 2.68442e-09 2.68806e-09 -2.68079e-09 2.2018e-10 2.23816e-10 -2.16545e-10
-5.012 2.98598e-12 -2.91038e-11 2.68378e-09 2.68676e-09 -2.68079e-09 2.20128e-10 2.23114e-10 -2.17142e-10
-5.0116 2.4364e-12 -1.45519e-11 2.68313e-09 2.68557e-09 -2.6807e-09 2.20077e-10 2.22513e-10 -2.1764e-10
-5.0112 1.97382e-12 -9.09495e-12 2.68249e-09 2.68446e-09 -2.68052e-09 2.20025e-10 2.21998e-10 -2.18051e-10
-5.0108 1.58687e-12 5.45697e-12 2.68185e-09 2.68344e-09 -2.68026e-09 2.19973e-10 2.2156e-10 -2.18386e-10
-5.0104 1.26532e-12 -5.45697e-12 2.68121e-09 2.68247e-09 -2.67994e-09 2.19921e-10 2.21186e-10 -2.18655e-10
-5.01 1e-12 0 2.68056e-09 2.68156e-09 -2.67956e-09 2.19869e-10 2.20869e-10 -2.18869e-10
-5.0096 7.82758e-13 -1.27329e-11 2.67992e-09 2.6807e-09 -2.67914e-09 2.19817e-10 2.206e-10 -2.19034e-10
-5.0092 6.06355e-13 2.91038e-11 2.67928e-09 2.67988e-09 -2.67867e-09 2.19765e-10 2.20372e-10 -2.19159e-10
-5.0088 4.64404e-13 -3.63798e-12 2.67863e-09 2.6791e-09 -2.67817e-09 2.19713e-10 2.20178e-10 -2.19249e-10
-5.0084 3.51298e-13 1.63709e-11 2.67799e-09 2.67834e-09 -2.67764e-09 2.19661e-10 2.20013e-10 -2.1931e-10
-5.008 2.62144e-13 2.18279e-11 2.67735e-09 2.67761e-09 -2.67709e-09 2.1961e-10 2.19872e-10 -2.19348e-10
-5.0076 1.927e-13 -5.45697e-12 2.67671e-09 2.6769e-09 -2.67652e-09 2.19558e-10 2.19751e-10 -2.19365e-10
-5.0072 1.39314e-13 1.45519e-11 2.67607e-09 2.67621e-09 -2.67593e-09 2.19506e-10 2.19645e-10 -2.19367e-10
-5.0068 9.88675e-14 5.45697e-12 2.67543e-09 2.67552e-09 -2.67533e-09 2.19454e-10 2.19553e-10 -2.19355e-10
-5.0064 6.87195e-14 7.27596e-12 2.67478e-09 2.67485e-09 -2.67471e-09 2.19402e-10 2.19471e-10 -2.19334e-10
-5.006 4.6656e-14 -1.09139e-11 2.67414e-09 2.67419e-09 -2.6741e-09 2.19351e-10 2.19397e-10 -2.19304e-10
-5.0056 3.0841e-14 -5.45697e-12 2.6735e-09 2.67353e-09 -2.67347e-09 2.19299e-10 2.1933e-10 -2.19268e-10
-5.0052 1.97706e-14 5.45697e-12 2.67286e-09 2.67288e-09 -2.67284e-09 2.19247e-10 2.19267e-10 -2.19227e-10
-5.0048 1.22306e-14 1.27329e-11 2.67222e-09 2.67223e-09 -2.67221e-09 2.19195e-10 2.19208e-10 -2.19183e-10
-5.0044 7.25631e-15 5.45697e-12 2.67158e-09 2.67158e-09 -2.67157e-09 2.19144e-10 2.19151e-10 -2.19136e-10
-5.004 4.096e-15 9.09495e-12 2.67094e-09 2.67094e-09 -2.67093e-09 2.19092e-10 2.19096e-10 -2.19088e-10
-5.0036 2.17678e-15 -7.27596e-12 2.6703e-09 2.6703e-09 -2.67029e-09 2.1904e-10 2.19042e-10 -2.19038e-10
-5.0032 1.07374e-15 -5.45697e-12 2.66966e-09 2.66966e-09 -2.66965e-09 2.18988e-10 2.1899e-10 -2.18987e-10
-5.0028 4.8189e-16 0 2.66901e-09 2.66902e-09 -2.66901e-09 2.18937e-10 2.18937e-10 -2.18936e-10
-5.0024 1.91103e-16 -9.09495e-12 2.66837e-09 2.66837e-09 -2.66837e-09 2.18885e-10 2.18885e-10 -2.18885e-10
-5.002 6.4e-17 2.00089e-11 2.66773e-09 2.66773e-09 -2.66773e-09 2.18833e-10 2.18833e-10 -2.18833e-10
-5.0016 1.67772e-17 -1.81899e-12 2.66709e-09 2.66709e-09 -2.66709e-09 2.18782e-10 2.18782e-10 -2.18782e-10
-5.0012 2.98598e-18 1.81899e-12 2.66645e-09 2.66645e-09 -2.66645e-09 2.1873e-10 2.1873e-10 -2.1873e-10
-5.0008 2.62144e-19 7.27596e-12 2.66581e-09 2.66581e-09 -2.66581e-09 2.18678e-10 2.18678e-10 -2.18678e-10
-5.0004 4.096e-21 0 2.66517e-09 2.66517e-09 -2.66517e-09 2.18627e-10 2.18627e-10 -2.18627e-10
-5 1.46585e-84 -5.45697e-12 2.66454e-09 2.66454e-09 -2.66454e-09 2.18575e-10 2.18575e-10 -2.18575e-10
-4.9996 4.096e-21 1.09139e-11 2.6639e-09 2.6639e-09 -2.6639e-09 2.18524e-10 2.18524e-10 -2.18524e-10
-4.9992 2.62144e-19 -1.45519e-11 2.66326e-09 2.66326e-09 -2.66326e-09 2.18472e-10 2.18472e-10 -2.18472e-10
-4.9988 2.98598e-18 -9.09495e-12 2.66262e-09 2.66262e-09 -2.66262e-09 2.1842e-10 2.1842e-10 -2.1842e-10
-4.9984 1.67772e-17 7.27596e-12 2.66198e-09 2.66198e-09 -2.66198e-09 2.18369e-10 2.18369e-10 -2.18369e-10
-4.998 6.4e-17 3.63798e-12 2.66134e-09 2.66134e-09 -2.66134e-09 2.18317e-10 2.18317e-10 -2.18317e-10
-4.9976 1.91103e-16 1.81899e-11 2.6607e-09 2.6607e-09 -2.6607e-09 2.18266e-10 2.18266e-10 -2.18265e-10
-4.9972 4.8189e-16 -1.81899e-12 2.66006e-09 2.66006e-09 -2.66006e-09 2.18214e-10 2.18215e-10 -2.18214e-10
-4.9968 1.07374e-15 3.63798e-12 2.65942e-09 2.65942e-09 -2.65942e-09 2.18162e-10 2.18164e-10 -2.18161e-10
-4.9964 2.17678e-15 7.27596e-12 2.65879e-09 2.65879e-09 -2.65878e-09 2.18111e-10 2.18113e-10 -2.18109e-10
-4.996 4.096e-15 -3.63798e-12 2.65815e-09 2.65815e-09 -2.65814e-09 2.18059e-10 2.18063e-10 -2.18055e-10
-4.9956 7.25631e-15 9.09495e-12 2.65751e-09 2.65752e-09 -2.6575e-09 2.18008e-10 2.18015e-10 -2.18001e-10
-4.9952 1.22306e-14 5.45697e-12 2.65687e-09 2.65688e-09 -2.65686e-09 2.17956e-10 2.17969e-10 -2.17944e-10
-4.9948 1.97706e-14 5.45697e-12 2.65623e-09 2.65625e-09 -2.65621e-09 2.17905e-10 2.17925e-10 -2.17885e-10
-4.9944 3.0841e-14 7.27596e-12 2.65559e-09 2.65563e-09 -2.65556e-09 2.17853e-10 2.17884e-10 -2.17823e-10
-4.994 4.6656e-14 5.45697e-12 2.65496e-09 2.655e-09 -2.65491e-09 2.17802e-10 2.17849e-10 -2.17755e-10
-4.9936 6.87195e-14 3.63798e-12 2.65432e-09 2.65439e-09 -2.65425e-09 2.1775e-10 2.17819e-10 -2.17682e-10
-4.9932 9.88675e-14 -7.27596e-12 2.65368e-09 2.65378e-09 -2.65358e-09 2.17699e-10 2.17798e-10 -2.176e-10
-4.9928 1.39314e-13 1.81899e-12 2.65305e-09 2.65318e-09 -2.65291e-09 2.17648e-10 2.17787e-10 -2.17508e-10
-4.9924 1.927e-13 -9.09495e-12 2.65241e-09 2.6526e-09 -2.65222e-09 2.17596e-10 2.17789e-10 -2.17403e-10
-4.992 2.62144e-13 -3.63798e-12 2.65177e-09 2.65203e-09 -2.65151e-09 2.17545e-10 2.17807e-10 -2.17283e-10
-4.9916 3.51298e-13 -1.27329e-11 2.65113e-09 2.65149e-09 -2.65078e-09 2.17493e-10 2.17845e-10 -2.17142e-10
-4.9912 4.64404e-13 5.45697e-12 2.6505e-09 2.65096e-09 -2.65003e-09 2.17442e-10 2.17906e-10 -2.16977e-10
-4.9908 6.06355e-13 -3.09228e-11 2.64986e-09 2.65047e-09 -2.64925e-09 2.1739e-10 2.17997e-10 -2.16784e-10
-4.9904 7.82758e-13 -3.63798e-12 2.64922e-09 2.65001e-09 -2.64844e-09 2.17339e-10 2.18122e-10 -2.16556e-10
-4.99 1e-12 1.63709e-11 2.64859e-09 2.64959e-09 -2.64759e-09 2.17288e-10 2.18288e-10 -2.16288e-10
-4.9896 1.26532e-12 1.45519e-11 2.64795e-09 2.64922e-09 -2.64669e-09 2.17236e-10 2.18502e-10 -2.15971e-10
-4.9892 1.58687e-12 1.81899e-11 2.64732e-09 2.6489e-09 -2.64573e-09 2.17185e-10 2.18772e-10 -2.15598e-10
-4.9888 1.97382e-12 7.27596e-12 2.64668e-09 2.64865e-09 -2.64471e-09 2.17134e-10 2.19107e-10 -2.1516e-10
-4.9884 2.4364e-12 0 2.64604e-09 2.64848e-09 -2.64361e-09 2.17082e-10 2.19519e-10 -2.14646e-10
-4.988 2.98598e-12 -1.09139e-11 2.64541e-09 2.64839e-09 -2.64242e-09 2.17031e-10 2.20017e-10 -2.14045e-10
-4.9876 3.63522e-12 -9.09495e-12 2.64477e-09 2.64841e-09 -2.64114e-09 2.1698e-10 2.20615e-10 -2.13344e-10
-4.9872 4.39805e-12 1.09139e-11 2.64414e-09 2.64854e-09 -2.63974e-09 2.16928e-10 2.21326e-10 -2.1253e-10
-4.9868 5.28985e-12 3.09228e-11 2.6435e-09 2.64879e-09 -2.63821e-09 2.16877e-10 2.22167e-10 -2.11587e-10
-4.9864 6.32752e-12 -3.63798e-12 2.64287e-09 2.64919e-09 -2.63654e-09 2.16826e-10 2.23153e-10 -2.10498e-10
-4.986 7.52954e-12 2.18279e-11 2.64223e-09 2.64976e-09 -2.6347e-09 2.16774e-10 2.24304e-10 -2.09245e-10
-4.9856 8.9161e-12 1.09139e-11 2.6416e-09 2.65051e-09 -2.63268e-09 2.16723e-10 2.25639e-10 -2.07807e-10
-4.9852 1.05092e-11 -1.81899e-12 2.64096e-09 2.65147e-09 -2.63045e-09 2.16672e-10 2.27181e-10 -2.06163e-10
-4.9848 1.23328e-11 1.81899e-12 2.64033e-09 2.65266e-09 -2.62799e-09 2.16621e-10 2.28953e-10 -2.04288e-10
-4.9844 1.44128e-11 -1.09139e-11 2.63969e-09 2.65411e-09 -2.62528e-09 2.16569e-10 2.30982e-10 -2.02157e-10
-4.984 1.67772e-11 7.27596e-12 2.63906e-09 2.65584e-09 -2.62228e-09 2.16518e-10 2.33295e-10 -1.99741e-10
-4.9836 1.94564e-11 3.63798e-11 2.63842e-09 2.65788e-09 -2.61897e-09 2.16467e-10 2.35923e-10 -1.9701e-10
-4.9832 2.24831e-11 2.72848e-11 2.63779e-09 2.66027e-09 -2.61531e-09 2.16416e-10 2.38899e-10 -1.93933e-10
-4.9828 2.58923e-11 1.81899e-12 2.63716e-09 2.66305e-09 -2.61126e-09 2.16364e-10 2.42257e-10 -1.90472e-10
-4.9824 2.97219e-11 3.27418e-11 2.63652e-09 2.66624e-09 -2.6068e-09 2.16313e-10 2.46035e-10 -1.86591e-10
-4.982 3.40122e-11 4.72937e-11 2.63589e-09 2.6699e-09 -2.60188e-09 2.16262e-10 2.50274e-10 -1.8225e-10
-4.9816 3.88067e-11 4.54747e-11 2.63525e-09 2.67406e-09 -2.59645e-09 2.16211e-10 2.55018e-10 -1.77404e-10
-4.9812 4.41517e-11 3.45608e-11 2.63462e-09 2.67877e-09 -2.59047e-09 2.1616e-10 2.60311e-10 -1.72008e-10
-4.9808 5.00965e-11 6.36646e-11 2.63399e-09 2.68408e-09 -2.58389e-09 2.16109e-10 2.66205e-10 -1.66012e-10
-4.9804 5.66939e-11 5.82077e-11 2.63335e-09 2.69005e-09 -2.57666e-09 2.16057e-10 2.72751e-10 -1.59364e-10
-4.98 6.4e-11 6.00267e-11 2.63272e-09 2.69672e-09 -2.56872e-09 2.16006e-10 2.80006e-10 -1.52006e-10
-4.9796 7.20744e-11 5.82077e-11 2.63209e-09 2.70416e-09 -2.56001e-09 2.15955e-10 2.8803e-10 -1.43881e-10
-4.9792 8.09804e-11 8.91305e-11 2.63145e-09 2.71243e-09 -2.55047e-09 2.15904e-10 2.96885e-10 -1.34924e-10
-4.9788 9.07852e-11 1.10958e-10 2.63082e-09 2.72161e-09 -2.54004e-09 2.15853e-10 3.06638e-10 -1.25068e-10
-4.9784 1.0156e-10 1.09139e-10 2.63019e-09 2.73175e-09 -2.52863e-09 2.15802e-10 3.17362e-10 -1.14242e-10
-4.978 1.1338e-10 1.27329e-10 2.62956e-09 2.74294e-09 -2.51618e-09 2.15751e-10 3.29131e-10 -1.02371e-10
-4.9776 1.26325e-10 1.36424e-10 2.62892e-09 2.75525e-09 -2.5026e-09 2.157e-10 3.42024e-10 -8.93751e-11
-4.9772 1.40478e-10 1.60071e-10 2.62829e-09 2.76877e-09 -2.48781e-09 2.15649e-10 3.56127e-10 -7.51704e-11
-4.9768 1.55929e-10 1.437e-10 2.62766e-09 2.78359e-09 -2.47173e-09 2.15598e-10 3.71527e-10 -5.96683e-11
-4.9764 1.72771e-10 1.67347e-10 2.62703e-09 2.7998e-09 -2.45426e-09 2.15547e-10 3.88318e-10 -4.27751e-11
-4.976 1.91103e-10 1.81899e-10 2.6264e-09 2.8175e-09 -2.43529e-09 2.15496e-10 4.06599e-10 -2.43926e-11
-4.9756 2.11027e-10 2.29193e-10 2.62576e-09 2.83679e-09 -2.41474e-09 2.15445e-10 4.26472e-10 -4.41709e-12
-4.9752 2.32654e-10 2.45564e-10 2.62513e-09 2.85779e-09 -2.39248e-09 2.15394e-10 4.48047e-10 1.72602e-11
-4.9748 2.56096e-10 2.56478e-10 2.6245e-09 2.8806e-09 -2.3684e-09 2.15343e-10 4.71439e-10 4.07537e-11
-4.9744 2.81475e-10 2.74667e-10 2.62387e-09 2.90534e-09 -2.34239e-09 2.15292e-10 4.96767e-10 6.61834e-11
-4.974 3.08916e-10 3.31056e-10 2.62324e-09 2.93215e-09 -2.31432e-09 2.15241e-10 5.24156e-10 9.36752e-11
-4.9736 3.38551e-10 3.16504e-10 2.62261e-09 2.96116e-09 -2.28406e-09 2.1519e-10 5.5374e-10 1.23361e-10
-4.9732 3.70518e-10 3.81988e-10 2.62198e-09 2.99249e-09 -2.25146e-09 2.15139e-10 5.85656e-10 1.55379e-10
-4.9728 4.04961e-10 4.07454e-10 2.62134e-09 3.02631e-09 -2.21638e-09 2.15088e-10 6.20049e-10 1.89874e-10
-4.9724 4.42033e-10 4.45652e-10 2.62071e-09 3.06275e-09 -2.17868e-09 2.15037e-10 6.5707e-10 2.26996e-10
-4.972 4.8189e-10 4.91127e-10 2.62008e-09 3.10197e-09 -2.13819e-09 2.14986e-10 6.96876e-10 2.66905e-10
-4.9716 5.24699e-10 5.00222e-10 2.61945e-09 3.14415e-09 -2.09475e-09 2.14935e-10 7.39634e-10 3.09764e-10
-4.9712 5.7063e-10 5.62068e-10 2.61882e-09 3.18945e-09 -2.04819e-09 2.14884e-10 7.85514e-10 3.55746e-10
-4.9708 6.19865e-10 6.22094e-10 2.61819e-09 3.23806e-09 -1.99833e-09 2.14833e-10 8.34698e-10 4.05032e-10
-4.9704 6.7259e-10 6.87578e-10 2.61756e-09 3.29015e-09 -1.94497e-09 2.14782e-10 8.87372e-10 4.57808e-10
-4.97 7.29e-10 7.0213e-10 2.61693e-09 3.34593e-09 -1.88793e-09 2.14731e-10 9.43731e-10 5.14269e-10
-4.9696 7.89299e-10 7.85803e-10 2.6163e-09 3.4056e-09 -1.827e-09 2.1468e-10 1.00398e-09 5.74619e-10
-4.9692 8.53698e-10 8.60382e-10 2.61567e-09 3.46937e-09 -1.76197e-09 2.1463e-10 1.06833e-09 6.39069e-10
-4.9688 9.22418e-10 9.31323e-10 2.61504e-09 3.53746e-09 -1.69263e-09 2.14579e-10 1.137e-09 7.07839e-10
-4.9684 9.95686e-10 9.85892e-10 2.61441e-09 3.6101e-09 -1.61873e-09 2.14528e-10 1.21021e-09 7.81158e-10
-4.968 1.07374e-09 1.09139e-09 2.61378e-09 3.68753e-09 -1.54004e-09 2.14477e-10 1.28822e-09 8.59265e-10
-4.9676 1.15683e-09 1.14051e-09 2.61315e-09 3.76999e-09 -1.45632e-09 2.14426e-10 1.37126e-09 9.42405e-10
-4.9672 1.24521e-09 1.23873e-09 2.61253e-09 3.85774e-09 -1.36731e-09 2.14375e-10 1.45959e-09 1.03084e-09
-4.9668 1.33915e-09 1.33878e-09 2.6119e-09 3.95104e-09 -1.27275e-09 2.14325e-10 1.55347e-09 1.12482e-09
-4.9664 1.43892e-09 1.42245e-09 2.61127e-09 4.05018e-09 -1.17235e-09 2.14274e-10 1.65319e-09 1.22464e-09
-4.966 1.5448e-09 1.53887e-09 2.61064e-09 4.15544e-09 -1.06583e-09 2.14223e-10 1.75903e-09 1.33058e-09
-4.9656 1.65711e-09 1.67529e-09 2.61001e-09 4.26712e-09 -9.52903e-10 2.14172e-10 1.87128e-09 1.44294e-09
-4.9652 1.77613e-09 1.78261e-09 2.60938e-09 4.38551e-09 -8.33249e-10 2.14121e-10 1.99025e-09 1.56201e-09
-4.9648 1.9022e-09 1.90084e-09 2.60875e-09 4.51095e-09 -7.06554e-10 2.14071e-10 2.11627e-09 1.68813e-09
-4.9644 2.03564e-09 2.00271e-09 2.60812e-09 4.64376e-09 -5.7249e-10 2.1402e-10 2.24966e-09 1.82162e-09
-4.964 2.17678e-09 2.17733e-09 2.6075e-09 4.78428e-09 -4.30714e-10 2.13969e-10 2.39075e-09 1.96281e-09
-4.9636 2.32599e-09 2.31921e-09 2.60687e-09 4.93286e-09 -2.80876e-10 2.13918e-10 2.53991e-09 2.11207e-09
-4.9632 2.48363e-09 2.48838e-09 2.60624e-09 5.08987e-09 -1.22611e-10 2.13868e-10 2.6975e-09 2.26976e-09
-4.9628 2.65007e-09 2.65572e-09 2.60561e-09 5.25568e-09 4.44586e-11 2.13817e-10 2.86389e-09 2.43625e-09
-4.9624 2.82571e-09 2.82853e-09 2.60499e-09 5.43069e-09 2.20721e-10 2.13766e-10 3.03947e-09 2.61194e-09
-4.962 3.01094e-09 2.99588e-09 2.60436e-09 5.61529e-09 4.06578e-10 2.13716e-10 3.22465e-09 2.79722e-09
-4.9616 3.20618e-09 3.22143e-09 2.60373e-09 5.80991e-09 6.02445e-10 2.13665e-10 3.41984e-09 2.99251e-09
-4.9612 3.41185e-09 3.40879e-09 2.6031e-09 6.01496e-09 8.0875e-10 2.13614e-10 3.62547e-09 3.19824e-09
-4.9608 3.62841e-09 3.63616e-09 2.60248e-09 6.23089e-09 1.02593e-09 2.13564e-10 3.84197e-09 3.41485e-09
-4.9604 3.8563e-09 3.85444e-09 2.60185e-09 6.45815e-09 1.25445e-09 2.13513e-10 4.06982e-09 3.64279e-09
-4.96 4.096e-09 4.11455e-09 2.60122e-09 6.69722e-09 1.49478e-09 2.13462e-10 4.30946e-09 3.88254e-09
-4.9596 4.34799e-09 4.32192e-09 2.6006e-09 6.94858e-09 1.74739e-09 2.13412e-10 4.5614e-09 4.13457e-09
-4.9592 4.61276e-09 4.61478e-09 2.59997e-09 7.21273e-09 2.01279e-09 2.13361e-10 4.82612e-09 4.3994e-09
-4.9588 4.89084e-09 4.87125e-09 2.59934e-09 7.49018e-09 2.2915e-09 2.1331e-10 5.10415e-09 4.67753e-09
-4.9584 5.18275e-09 5.17684e-09 2.59872e-09 7.78146e-09 2.58403e-09 2.1326e-10 5.39601e-09 4.96949e-09
-4.958 5.48903e-09 5.49335e-09 2.59809e-09 8.08712e-09 2.89094e-09 2.13209e-10 5.70224e-09 5.27582e-09
-4.9576 5.81025e-09 5.81531e-09 2.59746e-09 8.40772e-09 3.21279e-09 2.13159e-10 6.02341e-09 5.5971e-09
-4.9572 6.14699e-09 6.14455e-09 2.59684e-09 8.74383e-09 3.55015e-09 2.13108e-10 6.3601e-09 5.93388e-09
-4.9568 6.49984e-09 6.49561e-09 2.59621e-09 9.09605e-09 3.90363e-09 2.13058e-10 6.71289e-09 6.28678e-09
-4.9564 6.8694e-09 6.86123e-09 2.59559e-09 9.46499e-09 4.27382e-09 2.13007e-10 7.08241e-09 6.6564e-09
-4.956 7.25631e-09 7.26686e-09 2.59496e-09 9.85127e-09 4.66135e-09 2.12956e-10 7.46927e-09 7.04336e-09
-4.9556 7.66122e-09 7.63066e-09 2.59434e-09 1.02556e-08 5.06688e-09 2.12906e-10 7.87412e-09 7.44831e-09
-4.9552 8.08478e-09 8.08177e-09 2.59371e-09 1.06785e-08 5.49107e-09 2.12855e-10 8.29763e-09 7.87192e-09
-4.9548 8.52767e-09 8.51469e-09 2.59308e-09 1.11208e-08 5.93459e-09 2.12805e-10 8.74048e-09 8.31487e-09
-4.9544 8.99061e-09 8.98217e-09 2.59246e-09 1.15831e-08 6.39815e-09 2.12754e-10 9.20336e-09 8.77785e-09
-4.954 9.4743e-09 9.46602e-09 2.59183e-09 1.20661e-08 6.88246e-09 2.12704e-10 9.687e-09 9.26159e-09
-4.9536 9.97948e-09 9.98807e-09 2.59121e-09 1.25707e-08 7.38827e-09 2.12653e-10 1.01921e-08 9.76683e-09
-4.9532 1.05069e-08 1.05247e-08 2.59059e-09 1.30975e-08 7.91633e-09 2.12603e-10 1.07195e-08 1.02943e-08
-4.9528 1.10574e-08 1.10667e-08 2.58996e-09 1.36473e-08 8.46741e-09 2.12553e-10 1.12699e-08 1.08448e-08
-4.9524 1.16317e-08 1.16124e-08 2.58934e-09 1.4221e-08 9.04232e-09 2.12502e-10 1.18442e-08 1.14192e-08
-4.952 1.22306e-08 1.22236e-08 2.58871e-09 1.48193e-08 9.64188e-09 2.12452e-10 1.2443e-08 1.20181e-08
-4.9516 1.2855e-08 1.28384e-08 2.58809e-09 1.54431e-08 1.02669e-08 2.12401e-10 1.30674e-08 1.26426e-08
-4.9512 1.35058e-08 1.35133e-08 2.58746e-09 1.60932e-08 1.09183e-08 2.12351e-10 1.37181e-08 1.32934e-08
-4.9508 1.41837e-08 1.41845e-08 2.58684e-09 1.67706e-08 1.15969e-08 2.123e-10 1.4396e-08 1.39714e-08
-4.9504 1.48898e-08 1.49121e-08 2.58622e-09 1.74761e-08 1.23036e-08 2.1225e-10 1.51021e-08 1.46776e-08
-4.95 1.5625e-08 1.56397e-08 2.58559e-09 1.82106e-08 1.30394e-08 2.122e-10 1.58372e-08 1.54128e-08
-4.9496 1.63902e-08 1.63927e-08 2.58497e-09 1.89751e-08 1.38052e-08 2.12149e-10 1.66023e-08 1.6178e-08
-4.9492 1.71863e-08 1.71931e-08 2.58434e-09 1.97706e-08 1.4602e-08 2.12099e-10 1.73984e-08 1.69742e-08
-4.9488 1.80144e-08 1.8028e-08 2.58372e-09 2.05981e-08 1.54307e-08 2.12048e-10 1.82264e-08 1.78024e-08
-4.9484 1.88755e-08 1.88847e-08 2.5831e-09 2.14586e-08 1.62924e-08 2.11998e-10 1.90875e-08 1.86635e-08
-4.948 1.97706e-08 1.9787e-08 2.58248e-09 2.23531e-08 1.71881e-08 2.11948e-10 1.99826e-08 1.95587e-08
-4.9476 2.07008e-08 2.07056e-08 2.58185e-09 2.32827e-08 1.8119e-08 2.11897e-10 2.09127e-08 2.04889e-08
-4.9472 2.16672e-08 2.16696e-08 2.58123e-09 2.42485e-08 1.9086e-08 2.11847e-10 2.18791e-08 2.14554e-08
-4.9468 2.2671e-08 2.26646e-08 2.58061e-09 2.52516e-08 2.00903e-08 2.11797e-10 2.28828e-08 2.24592e-08
-4.9464 2.37131e-08 2.37342e-08 2.57998e-09 2.62931e-08 2.11331e-08 2.11746e-10 2.39249e-08 2.35014e-08
-4.946 2.47949e-08 2.47983e-08 2.57936e-09 2.73743e-08 2.22155e-08 2.11696e-10 2.50066e-08 2.45832e-08
-4.9456 2.59175e-08 2.59097e-08 2.57874e-09 2.84963e-08 2.33388e-08 2.11646e-10 2.61292e-08 2.57059e-08
-4.9452 2.70822e-08 2.70793e-08 2.57812e-09 2.96603e-08 2.4504e-08 2.11596e-10 2.72938e-08 2.68706e-08
-4.9448 2.82901e-08 2.82907e-08 2.57749e-09 3.08676e-08 2.57126e-08 2.11545e-10 2.85016e-08 2.80786e-08
-4.9444 2.95426e-08 2.95513e-08 2.57687e-09 3.21195e-08 2.69657e-08 2.11495e-10 2.97541e-08 2.93311e-08
-4.944 3.0841e-08 3.08337e-08 2.57625e-09 3.34172e-08 2.82647e-08 2.11445e-10 3.10524e-08 3.06295e-08
-4.9436 3.21866e-08 3.21743e-08 2.57563e-09 3.47622e-08 2.96109e-08 2.11395e-10 3.2398e-08 3.19752e-08
-4.9432 3.35807e-08 3.35967e-08 2.57501e-09 3.61557e-08 3.10057e-08 2.11344e-10 3.37921e-08 3.33694e-08
-4.9428 3.50248e-08 3.50101e-08 2.57439e-09 3.75992e-08 3.24505e-08 2.11294e-10 3.52361e-08 3.48135e-08
-4.9424 3.65203e-08 3.65217e-08 2.57376e-09 3.90941e-08 3.39466e-08 2.11244e-10 3.67316e-08 3.63091e-08
-4.942 3.80687e-08 3.80605e-08 2.57314e-09 4.06418e-08 3.54955e-08 2.11194e-10 3.82799e-08 3.78575e-08
-4.9416 3.96714e-08 3.96576e-08 2.57252e-09 4.22439e-08 3.70988e-08 2.11144e-10 3.98825e-08 3.94602e-08
-4.9412 4.13299e-08 4.1322e-08 2.5719e-09 4.39018e-08 3.8758e-08 2.11093e-10 4.1541e-08 4.11188e-08
-4.9408 4.30457e-08 4.30446e-08 2.57128e-09 4.5617e-08 4.04745e-08 2.11043e-10 4.32568e-08 4.28347e-08
-4.9404 4.48206e-08 4.48181e-08 2.57066e-09 4.73912e-08 4.22499e-08 2.10993e-10 4.50316e-08 4.46096e-08
-4.94 4.6656e-08 4.6668e-08 2.57004e-09 4.9226e-08 4.4086e-08 2.10943e-10 4.68669e-08 4.64451e-08
-4.9396 4.85536e-08 4.85416e-08 2.56942e-09 5.1123e-08 4.59842e-08 2.10893e-10 4.87645e-08 4.83427e-08
-4.9392 5.05151e-08 5.05079e-08 2.5688e-09 5.30839e-08 4.79463e-08 2.10843e-10 5.0726e-08 5.03043e-08
-4.9388 5.25422e-08 5.25506e-08 2.56818e-09 5.51104e-08 4.99741e-08 2.10793e-10 5.2753e-08 5.23314e-08
-4.9384 5.46367e-08 5.46297e-08 2.56756e-09 5.72042e-08 5.20691e-08 2.10742e-10 5.48474e-08 5.44259e-08
-4.938 5.68002e-08 5.67888e-08 2.56694e-09 5.93672e-08 5.42333e-08 2.10692e-10 5.70109e-08 5.65895e-08
-4.9376 5.90347e-08 5.9028e-08 2.56632e-09 6.1601e-08 5.64684e-08 2.10642e-10 5.92454e-08 5.88241e-08
-4.9372 6.1342e-08 6.13527e-08 2.5657e-09 6.39077e-08 5.87763e-08 2.10592e-10 6.15526e-08 6.11314e-08
-4.9368 6.37239e-08 6.3721e-08 2.56508e-09 6.6289e-08 6.11588e-08 2.10542e-10 6.39345e-08 6.35134e-08
-4.9364 6.61824e-08 6.61621e-08 2.56446e-09 6.87469e-08 6.3618e-08 2.10492e-10 6.63929e-08 6.59719e-08
-4.936 6.87195e-08 6.87123e-08 2.56384e-09 7.12833e-08 6.61556e-08 2.10442e-10 6.89299e-08 6.8509e-08
-4.9356 7.13371e-08 7.13553e-08 2.56322e-09 7.39003e-08 6.87738e-08 2.10392e-10 7.15475e-08 7.11267e-08
-4.9352 7.40372e-08 7.40292e-08 2.5626e-09 7.65998e-08 7.14746e-08 2.10342e-10 7.42476e-08 7.38269e-08
-4.9348 7.6822e-08 7.68123e-08 2.56198e-09 7.9384e-08 7.426e-08 2.10292e-10 7.70323e-08 7.66117e-08
-4.9344 7.96935e-08 7.96717e-08 2.56136e-09 8.22549e-08 7.71322e-08 2.10242e-10 7.99038e-08 7.94833e-08
-4.934 8.2654e-08 8.26603e-08 2.56075e-09 8.52147e-08 8.00932e-08 2.10192e-10 8.28641e-08 8.24438e-08
-4.9336 8.57055e-08 8.57326e-08 2.56013e-09 8.82656e-08 8.31453e-08 2.10142e-10 8.59156e-08 8.54953e-08
-4.9332 8.88503e-08 8.88576e-08 2.55951e-09 9.14098e-08 8.62908e-08 2.10092e-10 8.90604e-08 8.86402e-08
-4.9328 9.20907e-08 9.20863e-08 2.55889e-09 9.46496e-08 8.95318e-08 2.10042e-10 9.23007e-08 9.18806e-08
-4.9324 9.5429e-08 9.54187e-08 2.55827e-09 9.79872e-08 9.28707e-08 2.09992e-10 9.56389e-08 9.5219e-08
-4.932 9.88675e-08 9.88584e-08 2.55765e-09 1.01425e-07 9.63098e-08 2.09942e-10 9.90774e-08 9.86575e-08
-4.9316 1.02409e-07 1.02393e-07 2.55704e-09 1.04966e-07 9.98516e-08 2.09892e-10 1.02619e-07 1.02199e-07
-4.9312 1.06055e-07 1.06056e-07 2.55642e-09 1.08611e-07 1.03498e-07 2.09842e-10 1.06265e-07 1.05845e-07
-4.9308 1.09809e-07 1.09825e-07 2.5558e-09 1.12364e-07 1.07253e-07 2.09792e-10 1.10018e-07 1.09599e-07
-4.9304 1.13673e-07 1.13687e-07 2.55518e-09 1.16228e-07 1.11117e-07 2.09742e-10 1.13882e-07 1.13463e-07
-4.93 1.17649e-07 1.17649e-07 2.55457e-09 1.20204e-07 1.15094e-07 2.09692e-10 1.17859e-07 1.17439e-07
-4.9296 1.21741e-07 1.2173e-07 2.55395e-09 1.24295e-07 1.19187e-07 2.09642e-10 1.2195e-07 1.21531e-07
-4.9292 1.2595e-07 1.25956e-07 2.55333e-09 1.28504e-07 1.23397e-07 2.09593e-10 1.2616e-07 1.25741e-07
-4.9288 1.30281e-07 1.30276e-07 2.55271e-09 1.32833e-07 1.27728e-07 2.09543e-10 1.3049e-07 1.30071e-07
-4.9284 1.34734e-07 1.34738e-07 2.5521e-09 1.37286e-07 1.32182e-07 2.09493e-10 1.34944e-07 1.34525e-07
-4.928 1.39314e-07 1.39327e-07 2.55148e-09 1.41866e-07 1.36763e-07 2.09443e-10 1.39524e-07 1.39105e-07
-4.9276 1.44023e-07 1.44035e-07 2.55086e-09 1.46574e-07 1.41472e-07 2.09393e-10 1.44232e-07 1.43813e-07
-4.9272 1.48864e-07 1.48893e-07 2.55025e-09 1.51414e-07 1.46313e-07 2.09343e-10 1.49073e-07 1.48654e-07
-4.9268 1.53839e-07 1.53839e-07 2.54963e-09 1.56389e-07 1.51289e-07 2.09294e-10 1.54048e-07 1.5363e-07
-4.9264 1.58952e-07 1.58954e-07 2.54901e-09 1.61501e-07 1.56403e-07 2.09244e-10 1.59162e-07 1.58743e-07
-4.926 1.64206e-07 1.64198e-07 2.5484e-09 1.66755e-07 1.61658e-07 2.09194e-10 1.64416e-07 1.63997e-07
-4.9256 1.69605e-07 1.69599e-07 2.54778e-09 1.72152e-07 1.67057e-07 2.09144e-10 1.69814e-07 1.69395e-07
-4.9252 1.7515e-07 1.75145e-07 2.54716e-09 1.77697e-07 1.72603e-07 2.09094e-10 1.75359e-07 1.74941e-07
-4.9248 1.80845e-07 1.80853e-07 2.54655e-09 1.83392e-07 1.78299e-07 2.09045e-10 1.81054e-07 1.80636e-07
-4.9244 1.86694e-07 1.86692e-07 2.54593e-09 1.8924e-07 1.84148e-07 2.08995e-10 1.86903e-07 1.86485e-07
-4.924 1.927e-07 1.92711e-07 2.54532e-09 1.95245e-07 1.90155e-07 2.08945e-10 1.92909e-07 1.92491e-07
-4.9236 1.98866e-07 1.98839e-07 2.5447e-09 2.01411e-07 1.96321e-07 2.08895e-10 1.99075e-07 1.98657e-07
-4.9232 2.05195e-07 2.05191e-07 2.54409e-09 2.07739e-07 2.02651e-07 2.08846e-10 2.05404e-07 2.04986e-07
-4.9228 2.11692e-07 2.11698e-07 2.54347e-09 2.14235e-07 2.09148e-07 2.08796e-10 2.119e-07 2.11483e-07
-4.9224 2.18359e-07 2.18344e-07 2.54286e-09 2.20901e-07 2.15816e-07 2.08746e-10 2.18567e-07 2.1815e-07
-4.922 2.252e-07 2.2518e-07 2.54224e-09 2.27742e-07 2.22657e-07 2.08696e-10 2.25408e-07 2.24991e-07
-4.9216 2.32218e-07 2.32201e-07 2.54163e-09 2.3476e-07 2.29677e-07 2.08647e-10 2.32427e-07 2.3201e-07
-4.9212 2.39418e-07 2.39415e-07 2.54101e-09 2.41959e-07 2.36877e-07 2.08597e-10 2.39627e-07 2.3921e-07
-4.9208 2.46803e-07 2.46815e-07 2.5404e-09 2.49344e-07 2.44263e-07 2.08547e-10 2.47012e-07 2.46595e-07
-4.9204 2.54377e-07 2.54362e-07 2.53978e-09 2.56917e-07 2.51838e-07 2.08498e-10 2.54586e-07 2.54169e-07
-4.92 2.62144e-07 2.62142e-07 2.53917e-09 2.64683e-07 2.59605e-07 2.08448e-10 2.62352e-07 2.61936e-07
-4.9196 2.70107e-07 2.70107e-07 2.53855e-09 2.72646e-07 2.67569e-07 2.08398e-10 2.70316e-07 2.69899e-07
-4.9192 2.78271e-07 2.78284e-07 2.53794e-09 2.80809e-07 2.75733e-07 2.08349e-10 2.78479e-07 2.78063e-07
-4.9188 2.8664e-07 2.86624e-07 2.53733e-09 2.89177e-07 2.84102e-07 2.08299e-10 2.86848e-07 2.86431e-07
-4.9184 2.95217e-07 2.95229e-07 2.53671e-09 2.97753e-07 2.9268e-07 2.08249e-10 2.95425e-07 2.95008e-07
-4.918 3.04007e-07 3.03993e-07 2.5361e-09 3.06543e-07 3.01471e-07 2.082e-10 3.04215e-07 3.03798e-07
-4.9176 3.13014e-07 3.13039e-07 2.53548e-09 3.15549e-07 3.10478e-07 2.0815e-10 3.13222e-07 3.12805e-07
-4.9172 3.22242e-07 3.22252e-07 2.53487e-09 3.24777e-07 3.19707e-07 2.08101e-10 3.2245e-07 3.22034e-07
-4.9168 3.31696e-07 3.31682e-07 2.53426e-09 3.3423e-07 3.29162e-07 2.08051e-10 3.31904e-07 3.31488e-07
-4.9164 3.4138e-07 3.4139e-07 2.53364e-09 3.43913e-07 3.38846e-07 2.08001e-10 3.41588e-07 3.41172e-07
-4.916 3.51298e-07 3.51296e-07 2.53303e-09 3.53831e-07 3.48765e-07 2.07952e-10 3.51506e-07 3.5109e-07
-4.9156 3.61455e-07 3.61444e-07 2.53242e-09 3.63988e-07 3.58923e-07 2.07902e-10 3.61663e-07 3.61247e-07
-4.9152 3.71856e-07 3.71849e-07 2.53181e-09 3.74388e-07 3.69324e-07 2.07853e-10 3.72064e-07 3.71648e-07
-4.9148 3.82505e-07 3.82523e-07 2.53119e-09 3.85037e-07 3.79974e-07 2.07803e-10 3.82713e-07 3.82298e-07
-4.9144 3.93407e-07 3.93422e-07 2.53058e-09 3.95938e-07 3.90877e-07 2.07754e-10 3.93615e-07 3.932e-07
-4.914 4.04567e-07 4.04578e-07 2.52997e-09 4.07097e-07 4.02037e-07 2.07704e-10 4.04775e-07 4.0436e-07
-4.9136 4.1599e-07 4.1599e-07 2.52936e-09 4.18519e-07 4.1346e-07 2.07655e-10 4.16197e-07 4.15782e-07
-4.9132 4.27679e-07 4.27664e-07 2.52874e-09 4.30208e-07 4.25151e-07 2.07605e-10 4.27887e-07 4.27472e-07
-4.9128 4.39642e-07 4.39626e-07 2.52813e-09 4.4217e-07 4.37114e-07 2.07556e-10 4.39849e-07 4.39434e-07
-4.9124 4.51882e-07 4.51879e-07 2.52752e-09 4.54409e-07 4.49354e-07 2.07506e-10 4.52089e-07 4.51674e-07
-4.912 4.64404e-07 4.64401e-07 2.52691e-09 4.66931e-07 4.61877e-07 2.07457e-10 4.64612e-07 4.64197e-07
-4.9116 4.77214e-07 4.77228e-07 2.5263e-09 4.79741e-07 4.74688e-07 2.07407e-10 4.77422e-07 4.77007e-07
-4.9112 4.90318e-07 4.90336e-07 2.52568e-09 4.92844e-07 4.87792e-07 2.07358e-10 4.90525e-07 4.90111e-07
-4.9108 5.0372e-07 5.03704e-07 2.52507e-09 5.06245e-07 5.01195e-07 2.07308e-10 5.03927e-07 5.03513e-07
-4.9104 5.17426e-07 5.17446e-07 2.52446e-09 5.1995e-07 5.14901e-07 2.07259e-10 5.17633e-07 5.17219e-07
-4.91 5.31441e-07 5.31452e-07 2.52385e-09 5.33965e-07 5.28917e-07 2.0721e-10 5.31648e-07 5.31234e-07
-4.9096 5.45771e-07 5.45771e-07 2.52324e-09 5.48294e-07 5.43248e-07 2.0716e-10 5.45978e-07 5.45564e-07
-4.9092 5.60422e-07 5.60396e-07 2.52263e-09 5.62945e-07 5.57899e-07 2.07111e-10 5.60629e-07 5.60215e-07
-4.9088 5.75399e-07 5.75419e-07 2.52202e-09 5.77921e-07 5.72877e-07 2.07061e-10 5.75606e-07 5.75192e-07
-4.9084 5.90708e-07 5.90706e-07 2.52141e-09 5.93229e-07 5.88187e-07 2.07012e-10 5.90915e-07 5.90501e-07
-4.908 6.06355e-07 6.06342e-07 2.52079e-09 6.08876e-07 6.03834e-07 2.06963e-10 6.06562e-07 6.06148e-07
-4.9076 6.22346e-07 6.22345e-07 2.52018e-09 6.24866e-07 6.19826e-07 2.06913e-10 6.22553e-07 6.22139e-07
-4.9072 6.38687e-07 6.38711e-07 2.51957e-09 6.41206e-07 6.36167e-07 2.06864e-10 6.38894e-07 6.3848e-07
-4.9068 6.55383e-07 6.55398e-07 2.51896e-09 6.57902e-07 6.52864e-07 2.06815e-10 6.5559e-07 6.55177e-07
-4.9064 6.72442e-07 6.72444e-07 2.51835e-09 6.74961e-07 6.69924e-07 2.06765e-10 6.72649e-07 6.72236e-07
-4.906 6.8987e-07 6.89877e-07 2.51774e-09 6.92388e-07 6.87352e-07 2.06716e-10 6.90076e-07 6.89663e-07
-4.9056 7.07672e-07 7.07689e-07 2.51713e-09 7.10189e-07 7.05155e-07 2.06667e-10 7.07879e-07 7.07465e-07
-4.9052 7.25855e-07 7.25859e-07 2.51652e-09 7.28372e-07 7.23339e-07 2.06617e-10 7.26062e-07 7.25649e-07
-4.9048 7.44426e-07 7.44421e-07 2.51591e-09 7.46942e-07 7.4191e-07 2.06568e-10 7.44633e-07 7.4422e-07
-4.9044 7.63392e-07 7.63406e-07 2.5153e-09 7.65907e-07 7.60876e-07 2.06519e-10 7.63598e-07 7.63185e-07
-4.904 7.82758e-07 7.82764e-07 2.51469e-09 7.85272e-07 7.80243e-07 2.06469e-10 7.82964e-07 7.82551e-07
-4.9036 8.02532e-07 8.02534e-07 2.51409e-09 8.05046e-07 8.00018e-07 2.0642e-10 8.02738e-07 8.02325e-07
-4.9032 8.2272e-07 8.22718e-07 2.51348e-09 8.25234e-07 8.20207e-07 2.06371e-10 8.22927e-07 8.22514e-07
-4.9028 8.4333e-07 8.43331e-07 2.51287e-09 8.45843e-07 8.40817e-07 2.06322e-10 8.43536e-07 8.43124e-07
-4.9024 8.64368e-07 8.64391e-07 2.51226e-09 8.66881e-07 8.61856e-07 2.06272e-10 8.64575e-07 8.64162e-07
-4.902 8.85842e-07 8.85833e-07 2.51165e-09 8.88354e-07 8.83331e-07 2.06223e-10 8.86049e-07 8.85636e-07
-4.9016 9.07759e-07 9.07768e-07 2.51104e-09 9.1027e-07 9.05248e-07 2.06174e-10 9.07965e-07 9.07553e-07
-4.9012 9.30126e-07 9.3014e-07 2.51043e-09 9.32636e-07 9.27615e-07 2.06125e-10 9.30332e-07 9.2992e-07
-4.9008 9.5295e-07 9.52967e-07 2.50982e-09 9.5546e-07 9.5044e-07 2.06076e-10 9.53156e-07 9.52744e-07
-4.9004 9.76239e-07 9.76235e-07 2.50922e-09 9.78748e-07 9.7373e-07 2.06026e-10 9.76445e-07 9.76033e-07
-4.9 1e-06 9.99969e-07 2.50861e-09 1.00251e-06 9.97491e-07 2.05977e-10 1.00021e-06 9.99794e-07
