7.91 -0.000729004 -0.000701904 0.00288053 0.00215152 -0.00360953 0.000421089 -0.000307914 -0.00115009
7.91038 -0.000719808 -0.000732422 0.00288073 0.00216093 -0.00360054 0.000421115 -0.000298692 -0.00114092
7.91076 -0.000710689 -0.000762939 0.00288094 0.00217025 -0.00359163 0.000421141 -0.000289548 -0.00113183
7.91114 -0.000701648 -0.000671387 0.00288115 0.0021795 -0.0035828 0.000421167 -0.000280481 -0.00112282
7.91152 -0.000692684 -0.000701904 0.00288135 0.00218867 -0.00357404 0.000421193 -0.000271491 -0.00111388
7.9119 -0.000683797 -0.000732422 0.00288156 0.00219776 -0.00356536 0.000421219 -0.000262578 -0.00110502
7.91228 -0.000674986 -0.000579834 0.00288177 0.00220678 -0.00355675 0.000421245 -0.000253741 -0.00109623
7.91266 -0.000666251 -0.000640869 0.00288197 0.00221572 -0.00354822 0.000421271 -0.00024498 -0.00108752
7.91304 -0.000657591 -0.000671387 0.00288218 0.00222459 -0.00353977 0.000421297 -0.000236295 -0.00107889
7.91342 -0.000649008 -0.000640869 0.00288239 0.00223338 -0.00353139 0.000421323 -0.000227685 -0.00107033
7.9138 -0.000640499 -0.000701904 0.00288259 0.00224209 -0.00352309 0.000421348 -0.00021915 -0.00106185
7.91418 -0.000632064 -0.000610352 0.0028828 0.00225074 -0.00351486 0.000421374 -0.00021069 -0.00105344
7.91456 -0.000623704 -0.000610352 0.00288301 0.0022593 -0.00350671 0.0004214 -0.000202304 -0.0010451
7.91494 -0.000615419 -0.000671387 0.00288321 0.00226779 -0.00349863 0.000421426 -0.000193992 -0.00103684
7.91532 -0.000607207 -0.000549316 0.00288342 0.00227621 -0.00349063 0.000421452 -0.000185754 -0.00102866
7.9157 -0.000599068 -0.000610352 0.00288363 0.00228456 -0.00348269 0.000421478 -0.00017759 -0.00102055
7.91608 -0.000591002 -0.000610352 0.00288383 0.00229283 -0.00347483 0.000421504 -0.000169498 -0.00101251
7.91646 -0.000583009 -0.000610352 0.00288404 0.00230103 -0.00346705 0.00042153 -0.000161479 -0.00100454
7.91684 -0.000575089 -0.000671387 0.00288425 0.00230916 -0.00345933 0.000421556 -0.000153533 -0.000996644
7.91722 -0.00056724 -0.000549316 0.00288445 0.00231721 -0.00345169 0.000421582 -0.000145658 -0.000988822
7.9176 -0.000559463 -0.000549316 0.00288466 0.0023252 -0.00344412 0.000421608 -0.000137856 -0.000981071
7.91798 -0.000551758 -0.000579834 0.00288487 0.00233311 -0.00343662 0.000421634 -0.000130124 -0.000973392
7.91836 -0.000544124 -0.000457764 0.00288507 0.00234095 -0.0034292 0.000421659 -0.000122464 -0.000965783
7.91874 -0.00053656 -0.000549316 0.00288528 0.00234872 -0.00342184 0.000421685 -0.000114875 -0.000958246
7.91912 -0.000529067 -0.000549316 0.00288549 0.00235642 -0.00341455 0.000421711 -0.000107356 -0.000950778
7.9195 -0.000521644 -0.000579834 0.00288569 0.00236405 -0.00340734 0.000421737 -9.99069e-05 -0.000943381
7.91988 -0.000514291 -0.000610352 0.0028859 0.00237161 -0.00340019 0.000421763 -9.25277e-05 -0.000936054
7.92026 -0.000507007 -0.000488281 0.00288611 0.0023791 -0.00339311 0.000421789 -8.52179e-05 -0.000928796
7.92064 -0.000499792 -0.000518799 0.00288631 0.00238652 -0.0033861 0.000421815 -7.79772e-05 -0.000921607
7.92102 -0.000492646 -0.000488281 0.00288652 0.00239387 -0.00337917 0.000421841 -7.08053e-05 -0.000914487
7.9214 -0.000485569 -0.000396729 0.00288673 0.00240116 -0.00337229 0.000421867 -6.37019e-05 -0.000907435
7.92178 -0.000478559 -0.000457764 0.00288693 0.00240837 -0.00336549 0.000421893 -5.66665e-05 -0.000900452
7.92216 -0.000471618 -0.000488281 0.00288714 0.00241552 -0.00335876 0.000421919 -4.96989e-05 -0.000893536
7.92254 -0.000464743 -0.000518799 0.00288735 0.0024226 -0.00335209 0.000421945 -4.27989e-05 -0.000886688
7.92292 -0.000457936 -0.000488281 0.00288755 0.00242962 -0.00334549 0.000421971 -3.59659e-05 -0.000879907
7.9233 -0.000451196 -0.000427246 0.00288776 0.00243656 -0.00333896 0.000421996 -2.91997e-05 -0.000873193
7.92368 -0.000444522 -0.000457764 0.00288797 0.00244344 -0.00333249 0.000422022 -2.25e-05 -0.000866545
7.92406 -0.000437915 -0.000457764 0.00288817 0.00245026 -0.00332609 0.000422048 -1.58664e-05 -0.000859963
7.92444 -0.000431373 -0.000396729 0.00288838 0.00245701 -0.00331975 0.000422074 -9.2986e-06 -0.000853447
7.92482 -0.000424896 -0.000396729 0.00288859 0.00246369 -0.00331348 0.0004221 -2.79629e-06 -0.000846997
7.9252 -0.000418485 -0.000427246 0.00288879 0.00247031 -0.00330728 0.000422126 3.64087e-06 -0.000840611
7.92558 -0.000412139 -0.000427246 0.002889 0.00247686 -0.00330114 0.000422152 1.00132e-05 -0.000834291
7.92596 -0.000405857 -0.000427246 0.00288921 0.00248335 -0.00329506 0.000422178 1.63211e-05 -0.000828035
7.92634 -0.000399639 -0.000366211 0.00288941 0.00248977 -0.00328905 0.000422204 2.25648e-05 -0.000821843
7.92672 -0.000393485 -0.000396729 0.00288962 0.00249614 -0.00328311 0.00042223 2.87446e-05 -0.000815715
7.9271 -0.000387395 -0.000396729 0.00288983 0.00250243 -0.00327722 0.000422256 3.4861e-05 -0.000809651
7.92748 -0.000381368 -0.000335693 0.00289003 0.00250867 -0.0032714 0.000422282 4.09141e-05 -0.000803649
7.92786 -0.000375403 -0.000335693 0.00289024 0.00251484 -0.00326564 0.000422308 4.69045e-05 -0.000797711
7.92824 -0.000369501 -0.000366211 0.00289045 0.00252095 -0.00325995 0.000422334 5.28324e-05 -0.000791835
7.92862 -0.000363662 -0.000366211 0.00289066 0.00252699 -0.00325432 0.00042236 5.8698e-05 -0.000786021
7.929 -0.000357884 -0.000396729 0.00289086 0.00253298 -0.00324875 0.000422385 6.45018e-05 -0.000780269
7.92938 -0.000352167 -0.000305176 0.00289107 0.0025389 -0.00324324 0.000422411 7.02441e-05 -0.000774579
7.92976 -0.000346512 -0.000335693 0.00289128 0.00254476 -0.00323779 0.000422437 7.59251e-05 -0.00076895
7.93014 -0.000340918 -0.000335693 0.00289148 0.00255056 -0.0032324 0.000422463 8.15454e-05 -0.000763381
7.93052 -0.000335384 -0.000244141 0.00289169 0.00255631 -0.00322707 0.000422489 8.7105e-05 -0.000757873
7.9309 -0.000329911 -0.000274658 0.0028919 0.00256199 -0.00322181 0.000422515 9.26045e-05 -0.000752426
7.93128 -0.000324497 -0.000335693 0.0028921 0.00256761 -0.0032166 0.000422541 9.80441e-05 -0.000747038
7.93166 -0.000319143 -0.000366211 0.00289231 0.00257317 -0.00321145 0.000422567 0.000103424 -0.00074171
7.93204 -0.000313848 -0.000396729 0.00289252 0.00257867 -0.00320637 0.000422593 0.000108745 -0.000736441
7.93242 -0.000308612 -0.000244141 0.00289272 0.00258411 -0.00320134 0.000422619 0.000114007 -0.000731231
7.9328 -0.000303435 -0.000305176 0.00289293 0.0025895 -0.00319637 0.000422645 0.00011921 -0.00072608
7.93318 -0.000298315 -0.000335693 0.00289314 0.00259482 -0.00319145 0.000422671 0.000124355 -0.000720986
7.93356 -0.000293254 -0.000213623 0.00289335 0.00260009 -0.0031866 0.000422697 0.000129443 -0.000715951
7.93394 -0.00028825 -0.000244141 0.00289355 0.0026053 -0.0031818 0.000422723 0.000134472 -0.000710973
7.93432 -0.000283304 -0.000305176 0.00289376 0.00261046 -0.00317706 0.000422749 0.000139445 -0.000706053
7.9347 -0.000278414 -0.000305176 0.00289397 0.00261555 -0.00317238 0.000422775 0.00014436 -0.000701189
7.93508 -0.000273581 -0.000366211 0.00289417 0.00262059 -0.00316776 0.000422801 0.000149219 -0.000696382
7.93546 -0.000268805 -0.000244141 0.00289438 0.00262558 -0.00316319 0.000422827 0.000154022 -0.000691631
7.93584 -0.000264084 -0.000244141 0.00289459 0.0026305 -0.00315867 0.000422853 0.000158769 -0.000686936
7.93622 -0.000259419 -0.000305176 0.0028948 0.00263538 -0.00315421 0.000422879 0.00016346 -0.000682297
7.9366 -0.000254809 -0.000183105 0.002895 0.00264019 -0.00314981 0.000422904 0.000168096 -0.000677713
7.93698 -0.000250254 -0.000183105 0.00289521 0.00264496 -0.00314546 0.00042293 0.000172677 -0.000673184
7.93736 -0.000245753 -0.000274658 0.00289542 0.00264966 -0.00314117 0.000422956 0.000177203 -0.00066871
7.93774 -0.000241307 -0.000274658 0.00289562 0.00265432 -0.00313693 0.000422982 0.000181675 -0.00066429
7.93812 -0.000236915 -0.000274658 0.00289583 0.00265892 -0.00313275 0.000423008 0.000186093 -0.000659924
7.9385 -0.000232577 -0.000183105 0.00289604 0.00266346 -0.00312861 0.000423034 0.000190457 -0.000655611
7.93888 -0.000228292 -0.000213623 0.00289625 0.00266795 -0.00312454 0.00042306 0.000194769 -0.000651352
7.93926 -0.000224059 -0.000213623 0.00289645 0.00267239 -0.00312051 0.000423086 0.000199027 -0.000647145
7.93964 -0.00021988 -0.000183105 0.00289666 0.00267678 -0.00311654 0.000423112 0.000203233 -0.000642992
7.94002 -0.000215752 -0.000213623 0.00289687 0.00268111 -0.00311262 0.000423138 0.000207386 -0.00063889
7.9404 -0.000211677 -0.000183105 0.00289707 0.0026854 -0.00310875 0.000423164 0.000211487 -0.000634841
7.94078 -0.000207653 -0.000213623 0.00289728 0.00268963 -0.00310493 0.00042319 0.000215537 -0.000630843
7.94116 -0.000203681 -0.000244141 0.00289749 0.00269381 -0.00310117 0.000423216 0.000219535 -0.000626897
7.94154 -0.000199759 -0.000152588 0.0028977 0.00269794 -0.00309745 0.000423242 0.000223482 -0.000623001
7.94192 -0.000195889 -0.000213623 0.0028979 0.00270201 -0.00309379 0.000423268 0.000227379 -0.000619157
7.9423 -0.000192068 -0.000244141 0.00289811 0.00270604 -0.00309018 0.000423294 0.000231226 -0.000615362
7.94268 -0.000188298 -9.15527e-05 0.00289832 0.00271002 -0.00308662 0.00042332 0.000235022 -0.000611618
7.94306 -0.000184577 -0.000152588 0.00289852 0.00271395 -0.0030831 0.000423346 0.000238769 -0.000607923
7.94344 -0.000180906 -0.000183105 0.00289873 0.00271783 -0.00307964 0.000423372 0.000242466 -0.000604277
7.94382 -0.000177283 -0.000183105 0.00289894 0.00272166 -0.00307622 0.000423398 0.000246114 -0.000600681
7.9442 -0.00017371 -0.000244141 0.00289915 0.00272544 -0.00307286 0.000423424 0.000249714 -0.000597133
7.94458 -0.000170184 -0.00012207 0.00289935 0.00272917 -0.00306954 0.00042345 0.000253265 -0.000593634
7.94496 -0.000166707 -0.000183105 0.00289956 0.00273285 -0.00306627 0.000423476 0.000256769 -0.000590183
7.94534 -0.000163277 -0.000152588 0.00289977 0.00273649 -0.00306305 0.000423502 0.000260224 -0.000586779
7.94572 -0.000159895 -0.00012207 0.00289998 0.00274008 -0.00305987 0.000423528 0.000263633 -0.000583423
7.9461 -0.00015656 -0.00012207 0.00290018 0.00274362 -0.00305674 0.000423554 0.000266994 -0.000580113
7.94648 -0.000153271 -0.000183105 0.00290039 0.00274712 -0.00305366 0.00042358 0.000270308 -0.000576851
7.94686 -0.000150029 -0.000183105 0.0029006 0.00275057 -0.00305063 0.000423606 0.000273577 -0.000573635
7.94724 -0.000146833 -0.000183105 0.00290081 0.00275397 -0.00304764 0.000423632 0.000276799 -0.000570464
7.94762 -0.000143682 -9.15527e-05 0.00290101 0.00275733 -0.0030447 0.000423658 0.000279975 -0.00056734
7.948 -0.000140577 -0.000152588 0.00290122 0.00276064 -0.0030418 0.000423684 0.000283106 -0.000564261
7.94838 -0.000137517 -0.000183105 0.00290143 0.00276391 -0.00303894 0.00042371 0.000286192 -0.000561227
7.94876 -0.000134502 -9.15527e-05 0.00290163 0.00276713 -0.00303614 0.000423736 0.000289233 -0.000558238
7.94914 -0.000131531 -9.15527e-05 0.00290184 0.00277031 -0.00303337 0.000423761 0.00029223 -0.000555293
7.94952 -0.000128605 -0.00012207 0.00290205 0.00277345 -0.00303065 0.000423787 0.000295183 -0.000552392
7.9499 -0.000125722 -0.000152588 0.00290226 0.00277654 -0.00302798 0.000423813 0.000298092 -0.000549535
7.95028 -0.000122882 -0.000183105 0.00290246 0.00277958 -0.00302535 0.000423839 0.000300957 -0.000546721
7.95066 -0.000120086 -9.15527e-05 0.00290267 0.00278259 -0.00302276 0.000423865 0.00030378 -0.000543951
7.95104 -0.000117332 -0.00012207 0.00290288 0.00278555 -0.00302021 0.000423891 0.00030656 -0.000541223
7.95142 -0.00011462 -0.000152588 0.00290309 0.00278847 -0.00301771 0.000423917 0.000309297 -0.000538538
7.9518 -0.000111951 -9.15527e-05 0.00290329 0.00279134 -0.00301525 0.000423943 0.000311992 -0.000535895
7.95218 -0.000109324 -6.10352e-05 0.0029035 0.00279418 -0.00301283 0.000423969 0.000314646 -0.000533293
7.95256 -0.000106738 -9.15527e-05 0.00290371 0.00279697 -0.00301045 0.000423995 0.000317258 -0.000530733
7.95294 -0.000104193 -0.000152588 0.00290392 0.00279972 -0.00300811 0.000424021 0.000319829 -0.000528214
7.95332 -0.000101689 -0.00012207 0.00290412 0.00280244 -0.00300581 0.000424047 0.000322359 -0.000525736
7.9537 -9.92248e-05 -6.10352e-05 0.00290433 0.00280511 -0.00300356 0.000424073 0.000324849 -0.000523298
7.95408 -9.68012e-05 -0.00012207 0.00290454 0.00280774 -0.00300134 0.000424099 0.000327298 -0.000520901
7.95446 -9.44174e-05 -0.00012207 0.00290475 0.00281033 -0.00299916 0.000424125 0.000329708 -0.000518543
7.95484 -9.20731e-05 -6.10352e-05 0.00290496 0.00281288 -0.00299703 0.000424151 0.000332078 -0.000516224
7.95522 -8.97679e-05 -6.10352e-05 0.00290516 0.00281539 -0.00299493 0.000424177 0.000334409 -0.000513945
7.9556 -8.75015e-05 -0.00012207 0.00290537 0.00281787 -0.00299287 0.000424203 0.000336702 -0.000511705
7.95598 -8.52735e-05 -0.00012207 0.00290558 0.0028203 -0.00299085 0.000424229 0.000338956 -0.000509503
7.95636 -8.30837e-05 -0.00012207 0.00290579 0.0028227 -0.00298887 0.000424255 0.000341172 -0.000507339
7.95674 -8.09317e-05 -6.10352e-05 0.00290599 0.00282506 -0.00298692 0.000424281 0.00034335 -0.000505213
7.95712 -7.88172e-05 -6.10352e-05 0.0029062 0.00282738 -0.00298502 0.000424307 0.00034549 -0.000503125
7.9575 -7.67399e-05 -9.15527e-05 0.00290641 0.00282967 -0.00298315 0.000424333 0.000347593 -0.000501073
7.95788 -7.46994e-05 -3.05176e-05 0.00290662 0.00283192 -0.00298132 0.000424359 0.00034966 -0.000499059
7.95826 -7.26953e-05 -6.10352e-05 0.00290682 0.00283413 -0.00297952 0.000424385 0.00035169 -0.000497081
7.95864 -7.07275e-05 -9.15527e-05 0.00290703 0.0028363 -0.00297776 0.000424411 0.000353684 -0.000495139
7.95902 -6.87955e-05 -9.15527e-05 0.00290724 0.00283844 -0.00297603 0.000424437 0.000355642 -0.000493233
7.9594 -6.6899e-05 -0.00012207 0.00290745 0.00284055 -0.00297435 0.000424463 0.000357564 -0.000491362
7.95978 -6.50376e-05 -3.05176e-05 0.00290765 0.00284262 -0.00297269 0.000424489 0.000359452 -0.000489527
7.96017 -6.32111e-05 -6.10352e-05 0.00290786 0.00284465 -0.00297107 0.000424515 0.000361304 -0.000487727
7.96055 -6.14192e-05 -9.15527e-05 0.00290807 0.00284665 -0.00296949 0.000424541 0.000363122 -0.000485961
7.96093 -5.96614e-05 0 0.00290828 0.00284862 -0.00296794 0.000424567 0.000364906 -0.000484229
7.96131 -5.79375e-05 -3.05176e-05 0.00290849 0.00285055 -0.00296642 0.000424593 0.000366656 -0.000482531
7.96169 -5.62471e-05 -9.15527e-05 0.00290869 0.00285245 -0.00296494 0.000424619 0.000368372 -0.000480867
7.96207 -5.459e-05 -6.10352e-05 0.0029089 0.00285431 -0.00296349 0.000424645 0.000370056 -0.000479235
7.96245 -5.29657e-05 -9.15527e-05 0.00290911 0.00285614 -0.00296207 0.000424671 0.000371706 -0.000477637
7.96283 -5.13739e-05 -3.05176e-05 0.00290932 0.00285794 -0.00296069 0.000424697 0.000373324 -0.000476071
7.96321 -4.98144e-05 -9.15527e-05 0.00290952 0.00285971 -0.00295934 0.000424723 0.000374909 -0.000474538
7.96359 -4.82867e-05 -6.10352e-05 0.00290973 0.00286145 -0.00295802 0.000424749 0.000376463 -0.000473036
7.96397 -4.67906e-05 0 0.00290994 0.00286315 -0.00295673 0.000424775 0.000377985 -0.000471566
7.96435 -4.53257e-05 0 0.00291015 0.00286482 -0.00295547 0.000424802 0.000379476 -0.000470127
7.96473 -4.38917e-05 -6.10352e-05 0.00291036 0.00286646 -0.00295425 0.000424828 0.000380936 -0.000468719
7.96511 -4.24883e-05 -6.10352e-05 0.00291056 0.00286807 -0.00295305 0.000424854 0.000382365 -0.000467342
7.96549 -4.11152e-05 -0.00012207 0.00291077 0.00286966 -0.00295189 0.00042488 0.000383764 -0.000465995
7.96587 -3.97719e-05 0 0.00291098 0.00287121 -0.00295075 0.000424906 0.000385134 -0.000464678
7.96625 -3.84582e-05 -6.10352e-05 0.00291119 0.00287273 -0.00294965 0.000424932 0.000386473 -0.00046339
7.96663 -3.71738e-05 -6.10352e-05 0.00291139 0.00287422 -0.00294857 0.000424958 0.000387784 -0.000462131
7.96701 -3.59183e-05 6.10352e-05 0.0029116 0.00287568 -0.00294752 0.000424984 0.000389065 -0.000460902
7.96739 -3.46914e-05 -3.05176e-05 0.00291181 0.00287712 -0.0029465 0.00042501 0.000390318 -0.000459701
7.96777 -3.34927e-05 -3.05176e-05 0.00291202 0.00287853 -0.00294551 0.000425036 0.000391543 -0.000458528
7.96815 -3.2322e-05 -6.10352e-05 0.00291223 0.0028799 -0.00294455 0.000425062 0.00039274 -0.000457384
7.96853 -3.11789e-05 -9.15527e-05 0.00291243 0.00288126 -0.00294361 0.000425088 0.000393909 -0.000456267
7.96891 -3.0063e-05 0 0.00291264 0.00288258 -0.00294271 0.000425114 0.000395051 -0.000455177
7.96929 -2.89741e-05 0 0.00291285 0.00288388 -0.00294182 0.00042514 0.000396166 -0.000454114
7.96967 -2.79119e-05 -3.05176e-05 0.00291306 0.00288515 -0.00294097 0.000425166 0.000397254 -0.000453078
7.97005 -2.68759e-05 6.10352e-05 0.00291327 0.00288639 -0.00294014 0.000425192 0.000398316 -0.000452068
7.97043 -2.58658e-05 0 0.00291347 0.00288761 -0.00293934 0.000425218 0.000399352 -0.000451084
7.97081 -2.48814e-05 0 0.00291368 0.0028888 -0.00293856 0.000425244 0.000400363 -0.000450125
7.97119 -2.39223e-05 -3.05176e-05 0.00291389 0.00288997 -0.00293781 0.00042527 0.000401348 -0.000449192
7.97157 -2.29882e-05 -9.15527e-05 0.0029141 0.00289111 -0.00293709 0.000425296 0.000402308 -0.000448284
7.97195 -2.20787e-05 0 0.00291431 0.00289223 -0.00293639 0.000425322 0.000403243 -0.000447401
7.97233 -2.11935e-05 -3.05176e-05 0.00291451 0.00289332 -0.00293571 0.000425348 0.000404155 -0.000446542
7.97271 -2.03323e-05 -3.05176e-05 0.00291472 0.00289439 -0.00293505 0.000425374 0.000405042 -0.000445706
7.97309 -1.94947e-05 6.10352e-05 0.00291493 0.00289544 -0.00293443 0.0004254 0.000405905 -0.000444895
7.97347 -1.86805e-05 0 0.00291514 0.00289646 -0.00293382 0.000425426 0.000406746 -0.000444107
7.97385 -1.78893e-05 0 0.00291535 0.00289746 -0.00293324 0.000425452 0.000407563 -0.000443341
7.97423 -1.71207e-05 -6.10352e-05 0.00291555 0.00289843 -0.00293268 0.000425478 0.000408358 -0.000442599
7.97461 -1.63745e-05 -6.10352e-05 0.00291576 0.00289939 -0.00293214 0.000425504 0.00040913 -0.000441879
7.97499 -1.56502e-05 0 0.00291597 0.00290032 -0.00293162 0.00042553 0.00040988 -0.000441181
7.97537 -1.49477e-05 0 0.00291618 0.00290123 -0.00293113 0.000425556 0.000410609 -0.000440504
7.97575 -1.42665e-05 -6.10352e-05 0.00291639 0.00290212 -0.00293065 0.000425582 0.000411316 -0.000439849
7.97613 -1.36063e-05 6.10352e-05 0.0029166 0.00290299 -0.0029302 0.000425608 0.000412002 -0.000439215
7.97651 -1.29668e-05 0 0.0029168 0.00290384 -0.00292977 0.000425635 0.000412668 -0.000438601
7.97689 -1.23476e-05 0 0.00291701 0.00290466 -0.00292936 0.000425661 0.000413313 -0.000438008
7.97727 -1.17485e-05 -3.05176e-05 0.00291722 0.00290547 -0.00292897 0.000425687 0.000413938 -0.000437435
7.97765 -1.11691e-05 -9.15527e-05 0.00291743 0.00290626 -0.0029286 0.000425713 0.000414544 -0.000436882
7.97803 -1.0609e-05 0 0.00291764 0.00290703 -0.00292824 0.000425739 0.00041513 -0.000436348
7.97841 -1.0068e-05 -3.05176e-05 0.00291784 0.00290778 -0.00292791 0.000425765 0.000415697 -0.000435833
7.97879 -9.54574e-06 -3.05176e-05 0.00291805 0.00290851 -0.0029276 0.000425791 0.000416245 -0.000435337
7.97917 -9.04183e-06 6.10352e-05 0.00291826 0.00290922 -0.0029273 0.000425817 0.000416775 -0.000434859
7.97955 -8.55598e-06 6.10352e-05 0.00291847 0.00290991 -0.00292702 0.000425843 0.000417287 -0.000434399
7.97993 -8.08784e-06 0 0.00291868 0.00291059 -0.00292676 0.000425869 0.000417781 -0.000433957
7.98031 -7.63711e-06 -3.05176e-05 0.00291889 0.00291125 -0.00292652 0.000425895 0.000418258 -0.000433532
7.98069 -7.20344e-06 -6.10352e-05 0.00291909 0.00291189 -0.0029263 0.000425921 0.000418718 -0.000433124
7.98107 -6.7865e-06 0 0.0029193 0.00291252 -0.00292609 0.000425947 0.000419161 -0.000432734
7.98145 -6.38597e-06 0 0.00291951 0.00291312 -0.0029259 0.000425973 0.000419587 -0.000432359
7.98183 -6.00152e-06 -6.10352e-05 0.00291972 0.00291372 -0.00292572 0.000425999 0.000419998 -0.000432001
7.98221 -5.63282e-06 0 0.00291993 0.00291429 -0.00292556 0.000426025 0.000420392 -0.000431658
7.98259 -5.27953e-06 6.10352e-05 0.00292013 0.00291486 -0.00292541 0.000426051 0.000420772 -0.000431331
7.98297 -4.94134e-06 0 0.00292034 0.0029154 -0.00292528 0.000426077 0.000421136 -0.000431019
7.98335 -4.6179e-06 -6.10352e-05 0.00292055 0.00291593 -0.00292517 0.000426103 0.000421486 -0.000430721
7.98373 -4.3089e-06 -6.10352e-05 0.00292076 0.00291645 -0.00292507 0.00042613 0.000421821 -0.000430438
7.98411 -4.014e-06 0 0.00292097 0.00291695 -0.00292498 0.000426156 0.000422142 -0.00043017
7.98449 -3.73287e-06 0 0.00292118 0.00291744 -0.00292491 0.000426182 0.000422449 -0.000429914
7.98487 -3.46518e-06 -3.05176e-05 0.00292138 0.00291792 -0.00292485 0.000426208 0.000422742 -0.000429673
7.98525 -3.21061e-06 6.10352e-05 0.00292159 0.00291838 -0.0029248 0.000426234 0.000423023 -0.000429444
7.98563 -2.96882e-06 0 0.0029218 0.00291883 -0.00292477 0.00042626 0.000423291 -0.000429229
7.98601 -2.73948e-06 0 0.00292201 0.00291927 -0.00292475 0.000426286 0.000423546 -0.000429025
7.98639 -2.52227e-06 -6.10352e-05 0.00292222 0.0029197 -0.00292474 0.000426312 0.00042379 -0.000428834
7.98677 -2.31686e-06 -6.10352e-05 0.00292243 0.00292011 -0.00292474 0.000426338 0.000424021 -0.000428655
7.98715 -2.12291e-06 6.10352e-05 0.00292264 0.00292051 -0.00292476 0.000426364 0.000424241 -0.000428487
7.98753 -1.9401e-06 -3.05176e-05 0.00292284 0.0029209 -0.00292478 0.00042639 0.00042445 -0.00042833
7.98791 -1.7681e-06 -3.05176e-05 0.00292305 0.00292128 -0.00292482 0.000426416 0.000424648 -0.000428184
7.98829 -1.60658e-06 6.10352e-05 0.00292326 0.00292165 -0.00292487 0.000426442 0.000424836 -0.000428049
7.98867 -1.4552e-06 6.10352e-05 0.00292347 0.00292201 -0.00292492 0.000426468 0.000425013 -0.000427924
7.98905 -1.31365e-06 0 0.00292368 0.00292236 -0.00292499 0.000426494 0.000425181 -0.000427808
7.98943 -1.18159e-06 0 0.00292389 0.0029227 -0.00292507 0.000426521 0.000425339 -0.000427702
7.98981 -1.05869e-06 -3.05176e-05 0.00292409 0.00292304 -0.00292515 0.000426547 0.000425488 -0.000427605
7.99019 -9.44618e-07 6.10352e-05 0.0029243 0.00292336 -0.00292525 0.000426573 0.000425628 -0.000427517
7.99057 -8.39052e-07 0 0.00292451 0.00292367 -0.00292535 0.000426599 0.00042576 -0.000427438
7.99095 -7.4166e-07 -3.05176e-05 0.00292472 0.00292398 -0.00292546 0.000426625 0.000425883 -0.000427366
7.99133 -6.52111e-07 6.10352e-05 0.00292493 0.00292428 -0.00292558 0.000426651 0.000425999 -0.000427303
7.99171 -5.70078e-07 0 0.00292514 0.00292457 -0.00292571 0.000426677 0.000426107 -0.000427247
7.99209 -4.95229e-07 0 0.00292535 0.00292485 -0.00292584 0.000426703 0.000426208 -0.000427198
7.99247 -4.27237e-07 -6.10352e-05 0.00292555 0.00292513 -0.00292598 0.000426729 0.000426302 -0.000427156
7.99285 -3.65772e-07 -3.05176e-05 0.00292576 0.0029254 -0.00292613 0.000426755 0.000426389 -0.000427121
7.99323 -3.10504e-07 0 0.00292597 0.00292566 -0.00292628 0.000426781 0.000426471 -0.000427092
7.99361 -2.61104e-07 -3.05176e-05 0.00292618 0.00292592 -0.00292644 0.000426807 0.000426546 -0.000427068
7.99399 -2.17243e-07 0 0.00292639 0.00292617 -0.00292661 0.000426833 0.000426616 -0.000427051
7.99437 -1.78591e-07 6.10352e-05 0.0029266 0.00292642 -0.00292678 0.00042686 0.000426681 -0.000427038
7.99475 -1.4482e-07 6.10352e-05 0.00292681 0.00292666 -0.00292695 0.000426886 0.000426741 -0.00042703
7.99513 -1.15599e-07 0 0.00292701 0.0029269 -0.00292713 0.000426912 0.000426796 -0.000427027
7.99551 -9.05993e-08 0 0.00292722 0.00292713 -0.00292731 0.000426938 0.000426847 -0.000427028
7.99589 -6.94919e-08 -6.10352e-05 0.00292743 0.00292736 -0.0029275 0.000426964 0.000426894 -0.000427033
7.99627 -5.19473e-08 6.10352e-05 0.00292764 0.00292759 -0.00292769 0.00042699 0.000426938 -0.000427042
7.99665 -3.76362e-08 -3.05176e-05 0.00292785 0.00292781 -0.00292789 0.000427016 0.000426978 -0.000427054
7.99703 -2.62291e-08 -3.05176e-05 0.00292806 0.00292803 -0.00292808 0.000427042 0.000427016 -0.000427068
7.99741 -1.73968e-08 6.10352e-05 0.00292827 0.00292825 -0.00292828 0.000427068 0.000427051 -0.000427086
7.99779 -1.08099e-08 6.10352e-05 0.00292848 0.00292846 -0.00292849 0.000427094 0.000427083 -0.000427105
7.99817 -6.13909e-09 -3.05176e-05 0.00292868 0.00292868 -0.00292869 0.00042712 0.000427114 -0.000427127
7.99855 -3.05503e-09 -6.10352e-05 0.00292889 0.00292889 -0.0029289 0.000427146 0.000427143 -0.00042715
7.99893 -1.2284e-09 -6.10352e-05 0.0029291 0.0029291 -0.0029291 0.000427173 0.000427171 -0.000427174
7.99931 -3.29849e-10 0 0.00292931 0.00292931 -0.00292931 0.000427199 0.000427198 -0.000427199
7.99969 -3.00506e-11 0 0.00292952 0.00292952 -0.00292952 0.000427225 0.000427225 -0.000427225
8.00007 3.23741e-13 0 0.00292973 0.00292973 -0.00292973 0.000427251 0.000427251 -0.000427251
8.00045 9.00521e-11 0 0.00292994 0.00292994 -0.00292994 0.000427277 0.000427277 -0.000427277
8.00083 5.6723e-10 0 0.00293014 0.00293014 -0.00293014 0.000427303 0.000427304 -0.000427302
8.00121 1.75995e-09 0 0.00293035 0.00293035 -0.00293035 0.000427329 0.000427331 -0.000427327
8.00159 3.99632e-09 -3.05176e-05 0.00293056 0.00293057 -0.00293056 0.000427355 0.000427359 -0.000427351
8.00197 7.60442e-09 -3.05176e-05 0.00293077 0.00293078 -0.00293076 0.000427381 0.000427389 -0.000427374
8.00235 1.29124e-08 -3.05176e-05 0.00293098 0.00293099 -0.00293097 0.000427407 0.00042742 -0.000427394
8.00273 2.02482e-08 -6.10352e-05 0.00293119 0.00293121 -0.00293117 0.000427433 0.000427454 -0.000427413
8.00311 2.99401e-08 6.10352e-05 0.0029314 0.00293143 -0.00293137 0.000427459 0.000427489 -0.000427429
8.00348 4.23161e-08 0 0.0029316 0.00293165 -0.00293156 0.000427485 0.000427528 -0.000427443
8.00386 5.77044e-08 0 0.00293181 0.00293187 -0.00293175 0.000427511 0.000427569 -0.000427454
8.00424 7.64329e-08 -3.05176e-05 0.00293202 0.0029321 -0.00293194 0.000427538 0.000427614 -0.000427461
8.00462 9.88298e-08 -6.10352e-05 0.00293223 0.00293233 -0.00293213 0.000427564 0.000427662 -0.000427465
8.005 1.25223e-07 6.10352e-05 0.00293244 0.00293256 -0.00293231 0.00042759 0.000427715 -0.000427464
8.00538 1.55941e-07 0 0.00293265 0.0029328 -0.00293249 0.000427616 0.000427772 -0.00042746
8.00576 1.91312e-07 -3.05176e-05 0.00293286 0.00293305 -0.00293266 0.000427642 0.000427833 -0.000427451
8.00614 2.31664e-07 -6.10352e-05 0.00293306 0.0029333 -0.00293283 0.000427668 0.0004279 -0.000427436
8.00652 2.77324e-07 0 0.00293327 0.00293355 -0.002933 0.000427694 0.000427971 -0.000427417
8.0069 3.28621e-07 0 0.00293348 0.00293381 -0.00293315 0.00042772 0.000428049 -0.000427391
8.00728 3.85884e-07 -6.10352e-05 0.00293369 0.00293408 -0.0029333 0.000427746 0.000428132 -0.00042736
8.00766 4.4944e-07 0 0.0029339 0.00293435 -0.00293345 0.000427772 0.000428222 -0.000427323
8.00804 5.19617e-07 -3.05176e-05 0.00293411 0.00293463 -0.00293359 0.000427798 0.000428318 -0.000427279
8.00842 5.96743e-07 6.10352e-05 0.00293432 0.00293491 -0.00293372 0.000427824 0.000428421 -0.000427228
8.0088 6.81147e-07 0 0.00293453 0.00293521 -0.00293384 0.00042785 0.000428532 -0.000427169
8.00918 7.73156e-07 6.10352e-05 0.00293473 0.00293551 -0.00293396 0.000427877 0.00042865 -0.000427103
8.00956 8.73099e-07 0 0.00293494 0.00293582 -0.00293407 0.000427903 0.000428776 -0.00042703
8.00994 9.81304e-07 -6.10352e-05 0.00293515 0.00293613 -0.00293417 0.000427929 0.00042891 -0.000426947
8.01032 1.0981e-06 0 0.00293536 0.00293646 -0.00293426 0.000427955 0.000429053 -0.000426857
8.0107 1.22381e-06 -6.10352e-05 0.00293557 0.00293679 -0.00293435 0.000427981 0.000429205 -0.000426757
8.01108 1.35877e-06 0 0.00293578 0.00293714 -0.00293442 0.000428007 0.000429366 -0.000426648
8.01146 1.5033e-06 6.10352e-05 0.00293599 0.00293749 -0.00293448 0.000428033 0.000429536 -0.00042653
8.01184 1.65774e-06 -3.05176e-05 0.0029362 0.00293785 -0.00293454 0.000428059 0.000429717 -0.000426401
8.01221 1.8224e-06 0 0.0029364 0.00293823 -0.00293458 0.000428085 0.000429908 -0.000426263
8.01259 1.99763e-06 -6.10352e-05 0.00293661 0.00293861 -0.00293462 0.000428111 0.000430109 -0.000426114
8.01297 2.18374e-06 0 0.00293682 0.00293901 -0.00293464 0.000428137 0.000430321 -0.000425954
8.01335 2.38106e-06 6.10352e-05 0.00293703 0.00293941 -0.00293465 0.000428164 0.000430545 -0.000425782
8.01373 2.58993e-06 -3.05176e-05 0.00293724 0.00293983 -0.00293465 0.00042819 0.00043078 -0.0004256
8.01411 2.81067e-06 0 0.00293745 0.00294026 -0.00293464 0.000428216 0.000431026 -0.000425405
8.01449 3.0436e-06 6.10352e-05 0.00293766 0.0029407 -0.00293461 0.000428242 0.000431285 -0.000425198
8.01487 3.28907e-06 -6.10352e-05 0.00293787 0.00294116 -0.00293458 0.000428268 0.000431557 -0.000424979
8.01525 3.54739e-06 -3.05176e-05 0.00293808 0.00294162 -0.00293453 0.000428294 0.000431841 -0.000424747
8.01563 3.81889e-06 0 0.00293828 0.0029421 -0.00293447 0.00042832 0.000432139 -0.000424501
8.01601 4.1039e-06 0 0.00293849 0.0029426 -0.00293439 0.000428346 0.00043245 -0.000424242
8.01639 4.40276e-06 6.10352e-05 0.0029387 0.0029431 -0.0029343 0.000428372 0.000432775 -0.00042397
8.01677 4.71578e-06 -6.10352e-05 0.00293891 0.00294363 -0.0029342 0.000428398 0.000433114 -0.000423683
8.01715 5.04329e-06 -3.05176e-05 0.00293912 0.00294416 -0.00293408 0.000428424 0.000433468 -0.000423381
8.01753 5.38563e-06 0 0.00293933 0.00294471 -0.00293394 0.000428451 0.000433836 -0.000423065
8.01791 5.74312e-06 0 0.00293954 0.00294528 -0.00293379 0.000428477 0.00043422 -0.000422734
8.01829 6.1161e-06 0 0.00293975 0.00294586 -0.00293363 0.000428503 0.000434619 -0.000422387
8.01867 6.50488e-06 0 0.00293996 0.00294646 -0.00293345 0.000428529 0.000435034 -0.000422024
8.01905 6.90979e-06 6.10352e-05 0.00294016 0.00294707 -0.00293326 0.000428555 0.000435465 -0.000421645
8.01943 7.33117e-06 6.10352e-05 0.00294037 0.0029477 -0.00293304 0.000428581 0.000435912 -0.00042125
8.01981 7.76934e-06 6.10352e-05 0.00294058 0.00294835 -0.00293281 0.000428607 0.000436377 -0.000420838
8.02019 8.22464e-06 6.10352e-05 0.00294079 0.00294902 -0.00293257 0.000428633 0.000436858 -0.000420409
8.02057 8.69738e-06 6.10352e-05 0.002941 0.0029497 -0.0029323 0.000428659 0.000437357 -0.000419962
8.02094 9.18789e-06 6.10352e-05 0.00294121 0.0029504 -0.00293202 0.000428686 0.000437873 -0.000419498
8.02132 9.69651e-06 6.10352e-05 0.00294142 0.00295112 -0.00293172 0.000428712 0.000438408 -0.000419015
8.0217 1.02236e-05 0 0.00294163 0.00295185 -0.0029314 0.000428738 0.000438961 -0.000418514
8.02208 1.07694e-05 0 0.00294184 0.00295261 -0.00293107 0.000428764 0.000439533 -0.000417994
8.02246 1.13343e-05 0 0.00294205 0.00295338 -0.00293071 0.00042879 0.000440124 -0.000417456
8.02284 1.19186e-05 0 0.00294226 0.00295417 -0.00293034 0.000428816 0.000440735 -0.000416897
8.02322 1.25227e-05 -3.05176e-05 0.00294246 0.00295499 -0.00292994 0.000428842 0.000441365 -0.000416319
8.0236 1.31468e-05 6.10352e-05 0.00294267 0.00295582 -0.00292953 0.000428868 0.000442015 -0.000415721
8.02398 1.37914e-05 6.10352e-05 0.00294288 0.00295667 -0.00292909 0.000428894 0.000442686 -0.000415103
8.02436 1.44566e-05 0 0.00294309 0.00295755 -0.00292863 0.00042892 0.000443377 -0.000414464
8.02474 1.5143e-05 0 0.0029433 0.00295844 -0.00292816 0.000428947 0.00044409 -0.000413804
8.02512 1.58507e-05 -3.05176e-05 0.00294351 0.00295936 -0.00292766 0.000428973 0.000444823 -0.000413122
8.0255 1.65801e-05 6.10352e-05 0.00294372 0.0029603 -0.00292714 0.000428999 0.000445579 -0.000412419
8.02588 1.73316e-05 6.10352e-05 0.00294393 0.00296126 -0.0029266 0.000429025 0.000446357 -0.000411693
8.02626 1.81054e-05 0 0.00294414 0.00296224 -0.00292603 0.000429051 0.000447157 -0.000410946
8.02664 1.89019e-05 6.10352e-05 0.00294435 0.00296325 -0.00292544 0.000429077 0.000447979 -0.000410175
8.02702 1.97215e-05 6.10352e-05 0.00294456 0.00296428 -0.00292483 0.000429103 0.000448825 -0.000409382
8.0274 2.05644e-05 0 0.00294477 0.00296533 -0.0029242 0.000429129 0.000449694 -0.000408565
8.02778 2.1431e-05 6.10352e-05 0.00294497 0.00296641 -0.00292354 0.000429156 0.000450587 -0.000407725
8.02816 2.23216e-05 0 0.00294518 0.00296751 -0.00292286 0.000429182 0.000451503 -0.00040686
8.02854 2.32366e-05 -3.05176e-05 0.00294539 0.00296863 -0.00292216 0.000429208 0.000452444 -0.000405971
8.02892 2.41762e-05 6.10352e-05 0.0029456 0.00296978 -0.00292143 0.000429234 0.00045341 -0.000405058
8.02929 2.51408e-05 0 0.00294581 0.00297095 -0.00292067 0.00042926 0.000454401 -0.000404119
8.02967 2.61307e-05 6.10352e-05 0.00294602 0.00297215 -0.00291989 0.000429286 0.000455417 -0.000403155
8.03005 2.71463e-05 0 0.00294623 0.00297338 -0.00291908 0.000429312 0.000456459 -0.000402166
8.03043 2.81879e-05 6.10352e-05 0.00294644 0.00297463 -0.00291825 0.000429338 0.000457526 -0.000401151
8.03081 2.92557e-05 0 0.00294665 0.0029759 -0.00291739 0.000429365 0.00045862 -0.000400109
8.03119 3.03502e-05 6.10352e-05 0.00294686 0.00297721 -0.00291651 0.000429391 0.000459741 -0.00039904
8.03157 3.14717e-05 0 0.00294707 0.00297854 -0.0029156 0.000429417 0.000460889 -0.000397945
8.03195 3.26205e-05 6.10352e-05 0.00294728 0.0029799 -0.00291466 0.000429443 0.000462063 -0.000396822
8.03233 3.37968e-05 0.00012207 0.00294749 0.00298128 -0.00291369 0.000429469 0.000463266 -0.000395672
8.03271 3.50012e-05 0 0.00294769 0.0029827 -0.00291269 0.000429495 0.000464496 -0.000394494
8.03309 3.62338e-05 6.10352e-05 0.0029479 0.00298414 -0.00291167 0.000429521 0.000465755 -0.000393288
8.03347 3.7495e-05 0 0.00294811 0.00298561 -0.00291062 0.000429548 0.000467042 -0.000392053
8.03385 3.87851e-05 0 0.00294832 0.00298711 -0.00290954 0.000429574 0.000468359 -0.000390789
8.03423 4.01045e-05 6.10352e-05 0.00294853 0.00298864 -0.00290843 0.0004296 0.000469704 -0.000389495
8.03461 4.14535e-05 -3.05176e-05 0.00294874 0.0029902 -0.00290729 0.000429626 0.000471079 -0.000388172
8.03499 4.28324e-05 0 0.00294895 0.00299178 -0.00290612 0.000429652 0.000472484 -0.00038682
8.03537 4.42415e-05 6.10352e-05 0.00294916 0.0029934 -0.00290492 0.000429678 0.00047392 -0.000385437
8.03575 4.56813e-05 6.10352e-05 0.00294937 0.00299505 -0.00290369 0.000429704 0.000475386 -0.000384023
8.03613 4.71519e-05 0.00012207 0.00294958 0.00299673 -0.00290243 0.000429731 0.000476882 -0.000382579
8.03651 4.86537e-05 0 0.00294979 0.00299844 -0.00290114 0.000429757 0.00047841 -0.000381103
8.03689 5.01871e-05 0 0.00295 0.00300019 -0.00289981 0.000429783 0.00047997 -0.000379596
8.03727 5.17524e-05 6.10352e-05 0.00295021 0.00300196 -0.00289846 0.000429809 0.000481561 -0.000378056
8.03765 5.33499e-05 6.10352e-05 0.00295042 0.00300377 -0.00289707 0.000429835 0.000483185 -0.000376485
8.03802 5.49799e-05 6.10352e-05 0.00295063 0.00300561 -0.00289565 0.000429861 0.000484841 -0.000374881
8.0384 5.66429e-05 0.00012207 0.00295084 0.00300748 -0.00289419 0.000429887 0.00048653 -0.000373245
8.03878 5.8339e-05 0.00012207 0.00295105 0.00300938 -0.00289271 0.000429913 0.000488252 -0.000371574
8.03916 6.00686e-05 0.00012207 0.00295126 0.00301132 -0.00289119 0.00042994 0.000490008 -0.000369871
8.03954 6.18321e-05 0 0.00295147 0.0030133 -0.00288963 0.000429966 0.000491798 -0.000368134
8.03992 6.36297e-05 0 0.00295167 0.0030153 -0.00288804 0.000429992 0.000493622 -0.000366362
8.0403 6.54619e-05 0 0.00295188 0.00301735 -0.00288642 0.000430018 0.00049548 -0.000364556
8.04068 6.73289e-05 0 0.00295209 0.00301942 -0.00288476 0.000430044 0.000497373 -0.000362715
8.04106 6.92311e-05 0 0.0029523 0.00302153 -0.00288307 0.00043007 0.000499301 -0.000360839
8.04144 7.11688e-05 0.00012207 0.00295251 0.00302368 -0.00288134 0.000430097 0.000501265 -0.000358928
8.04182 7.31423e-05 0.00012207 0.00295272 0.00302586 -0.00287958 0.000430123 0.000503265 -0.00035698
8.0422 7.51519e-05 0.00012207 0.00295293 0.00302808 -0.00287778 0.000430149 0.000505301 -0.000354997
8.04258 7.7198e-05 0.00012207 0.00295314 0.00303034 -0.00287594 0.000430175 0.000507373 -0.000352977
8.04296 7.9281e-05 6.10352e-05 0.00295335 0.00303263 -0.00287407 0.000430201 0.000509482 -0.00035092
8.04334 8.1401e-05 6.10352e-05 0.00295356 0.00303496 -0.00287216 0.000430227 0.000511628 -0.000348826
8.04372 8.35586e-05 6.10352e-05 0.00295377 0.00303733 -0.00287021 0.000430253 0.000513812 -0.000346695
8.0441 8.57539e-05 6.10352e-05 0.00295398 0.00303973 -0.00286823 0.00043028 0.000516033 -0.000344526
8.04448 8.79873e-05 0.00012207 0.00295419 0.00304218 -0.0028662 0.000430306 0.000518293 -0.000342318
8.04486 9.02592e-05 0.00012207 0.0029544 0.00304466 -0.00286414 0.000430332 0.000520591 -0.000340073
8.04524 9.25698e-05 6.10352e-05 0.00295461 0.00304718 -0.00286204 0.000430358 0.000522928 -0.000337788
8.04562 9.49196e-05 6.10352e-05 0.00295482 0.00304974 -0.0028599 0.000430384 0.000525304 -0.000335465
8.046 9.73088e-05 0.00012207 0.00295503 0.00305234 -0.00285772 0.00043041 0.000527719 -0.000333102
8.04638 9.97377e-05 0.00012207 0.00295524 0.00305498 -0.0028555 0.000430437 0.000530174 -0.000330699
8.04675 0.000102207 6.10352e-05 0.00295545 0.00305765 -0.00285324 0.000430463 0.00053267 -0.000328256
8.04713 0.000104716 0.000183105 0.00295566 0.00306037 -0.00285094 0.000430489 0.000535205 -0.000325773
8.04751 0.000107266 0.00012207 0.00295587 0.00306313 -0.0028486 0.000430515 0.000537782 -0.000323249
8.04789 0.000109858 6.10352e-05 0.00295608 0.00306593 -0.00284622 0.000430541 0.000540399 -0.000320684
8.04827 0.00011249 0.00012207 0.00295629 0.00306878 -0.0028438 0.000430567 0.000543058 -0.000318077
8.04865 0.000115165 0.00012207 0.0029565 0.00307166 -0.00284133 0.000430594 0.000545758 -0.000315429
8.04903 0.000117881 0.000183105 0.00295671 0.00307459 -0.00283883 0.00043062 0.000548501 -0.000312739
8.04941 0.00012064 0.00012207 0.00295692 0.00307756 -0.00283628 0.000430646 0.000551286 -0.000310006
8.04979 0.000123442 6.10352e-05 0.00295713 0.00308057 -0.00283368 0.000430672 0.000554114 -0.000307231
8.05017 0.000126286 0.00012207 0.00295734 0.00308362 -0.00283105 0.000430698 0.000556984 -0.000304412
8.05055 0.000129174 6.10352e-05 0.00295755 0.00308672 -0.00282837 0.000430724 0.000559898 -0.00030155
8.05093 0.000132106 0.00012207 0.00295776 0.00308986 -0.00282565 0.000430751 0.000562856 -0.000298645
8.05131 0.000135081 0.000183105 0.00295797 0.00309305 -0.00282288 0.000430777 0.000565858 -0.000295695
8.05169 0.000138101 0.00012207 0.00295818 0.00309628 -0.00282007 0.000430803 0.000568904 -0.000292702
8.05207 0.000141166 0.000183105 0.00295839 0.00309955 -0.00281722 0.000430829 0.000571995 -0.000289663
8.05245 0.000144276 0.00012207 0.00295859 0.00310287 -0.00281432 0.000430855 0.000575131 -0.000286579
8.05283 0.000147431 0.000183105 0.0029588 0.00310624 -0.00281137 0.000430882 0.000578312 -0.000283451
8.05321 0.000150632 0.000183105 0.00295901 0.00310965 -0.00280838 0.000430908 0.000581539 -0.000280276
8.05359 0.000153878 0.00012207 0.00295922 0.0031131 -0.00280535 0.000430934 0.000584812 -0.000277056
8.05397 0.000157171 0.000183105 0.00295943 0.00311661 -0.00280226 0.00043096 0.000588131 -0.000273789
8.05435 0.000160511 0.000244141 0.00295964 0.00312016 -0.00279913 0.000430986 0.000591497 -0.000270475
8.05473 0.000163898 0.00012207 0.00295985 0.00312375 -0.00279596 0.000431012 0.00059491 -0.000267115
8.05511 0.000167332 0.000183105 0.00296006 0.0031274 -0.00279273 0.000431039 0.00059837 -0.000263707
8.05548 0.000170813 0.000183105 0.00296027 0.00313109 -0.00278946 0.000431065 0.000601878 -0.000260252
8.05586 0.000174343 0.000244141 0.00296048 0.00313483 -0.00278614 0.000431091 0.000605434 -0.000256748
8.05624 0.000177921 0.00012207 0.00296069 0.00313861 -0.00278277 0.000431117 0.000609038 -0.000253197
8.05662 0.000181547 0.000183105 0.0029609 0.00314245 -0.00277936 0.000431143 0.00061269 -0.000249596
8.057 0.000185222 0.000183105 0.00296111 0.00314634 -0.00277589 0.00043117 0.000616392 -0.000245947
8.05738 0.000188947 0.000244141 0.00296132 0.00315027 -0.00277238 0.000431196 0.000620143 -0.000242249
8.05776 0.000192721 0.000244141 0.00296153 0.00315426 -0.00276881 0.000431222 0.000623943 -0.000238501
8.05814 0.000196546 0.000244141 0.00296174 0.00315829 -0.0027652 0.000431248 0.000627794 -0.000234702
8.05852 0.00020042 0.00012207 0.00296195 0.00316237 -0.00276153 0.000431274 0.000631694 -0.000230854
8.0589 0.000204345 0.000183105 0.00296216 0.00316651 -0.00275782 0.0004313 0.000635646 -0.000226955
8.05928 0.000208321 0.000183105 0.00296237 0.0031707 -0.00275405 0.000431327 0.000639648 -0.000223006
8.05966 0.000212348 0.000183105 0.00296258 0.00317493 -0.00275024 0.000431353 0.000643701 -0.000219005
8.06004 0.000216427 0.000183105 0.00296279 0.00317922 -0.00274637 0.000431379 0.000647806 -0.000214952
8.06042 0.000220558 0.000183105 0.002963 0.00318356 -0.00274245 0.000431405 0.000651963 -0.000210847
8.0608 0.000224741 0.000183105 0.00296321 0.00318796 -0.00273847 0.000431431 0.000656172 -0.000206691
8.06118 0.000228976 0.000183105 0.00296342 0.0031924 -0.00273445 0.000431458 0.000660434 -0.000202482
8.06156 0.000233264 0.000183105 0.00296363 0.0031969 -0.00273037 0.000431484 0.000664748 -0.000198219
8.06194 0.000237606 0.000183105 0.00296384 0.00320145 -0.00272624 0.00043151 0.000669116 -0.000193904
8.06232 0.000242001 0.000305176 0.00296405 0.00320606 -0.00272205 0.000431536 0.000673537 -0.000189535
8.0627 0.00024645 0.000305176 0.00296426 0.00321072 -0.00271781 0.000431562 0.000678012 -0.000185112
8.06308 0.000250953 0.000305176 0.00296448 0.00321543 -0.00271352 0.000431589 0.000682542 -0.000180635
8.06346 0.000255511 0.000244141 0.00296468 0.0032202 -0.00270917 0.000431615 0.000687126 -0.000176104
8.06384 0.000260123 0.000244141 0.0029649 0.00322502 -0.00270477 0.000431641 0.000691764 -0.000171518
8.06421 0.000264791 0.000244141 0.00296511 0.0032299 -0.00270031 0.000431667 0.000696458 -0.000166876
8.06459 0.000269514 0.000244141 0.00296532 0.00323483 -0.0026958 0.000431693 0.000701208 -0.000162179
8.06497 0.000274293 0.000305176 0.00296553 0.00323982 -0.00269123 0.00043172 0.000706013 -0.000157426
8.06535 0.000279129 0.000305176 0.00296574 0.00324486 -0.00268661 0.000431746 0.000710874 -0.000152617
8.06573 0.00028402 0.000244141 0.00296595 0.00324997 -0.00268193 0.000431772 0.000715792 -0.000147752
8.06611 0.000288969 0.000244141 0.00296616 0.00325513 -0.00267719 0.000431798 0.000720767 -0.000142829
8.06649 0.000293975 0.000305176 0.00296637 0.00326034 -0.00267239 0.000431824 0.000725799 -0.00013785
8.06687 0.000299038 0.000305176 0.00296658 0.00326561 -0.00266754 0.000431851 0.000730888 -0.000132813
8.06725 0.000304159 0.000244141 0.00296679 0.00327095 -0.00266263 0.000431877 0.000736036 -0.000127718
8.06763 0.000309338 0.000366211 0.002967 0.00327634 -0.00265766 0.000431903 0.000741241 -0.000122565
8.06801 0.000314575 0.000305176 0.00296721 0.00328178 -0.00265263 0.000431929 0.000746505 -0.000117354
8.06839 0.000319872 0.000366211 0.00296742 0.00328729 -0.00264755 0.000431956 0.000751827 -0.000112084
8.06877 0.000325227 0.000305176 0.00296763 0.00329286 -0.0026424 0.000431982 0.000757209 -0.000106755
8.06915 0.000330642 0.000305176 0.00296784 0.00329848 -0.0026372 0.000432008 0.00076265 -0.000101366
8.06953 0.000336117 0.000366211 0.00296805 0.00330417 -0.00263193 0.000432034 0.000768151 -9.59175e-05
8.06991 0.000341651 0.000305176 0.00296826 0.00330991 -0.00262661 0.00043206 0.000773712 -9.04089e-05
8.07029 0.000347247 0.000366211 0.00296847 0.00331572 -0.00262122 0.000432087 0.000779333 -8.48399e-05
8.07067 0.000352903 0.000305176 0.00296868 0.00332158 -0.00261578 0.000432113 0.000785015 -7.92101e-05
8.07105 0.00035862 0.000366211 0.00296889 0.00332751 -0.00261027 0.000432139 0.000790759 -7.35194e-05
8.07143 0.000364398 0.000305176 0.0029691 0.0033335 -0.0026047 0.000432165 0.000796563 -6.77671e-05
8.07181 0.000370238 0.000366211 0.00296931 0.00333955 -0.00259907 0.000432191 0.00080243 -6.19532e-05
8.07219 0.000376141 0.000305176 0.00296952 0.00334566 -0.00259338 0.000432218 0.000808358 -5.60771e-05
8.07257 0.000382105 0.000366211 0.00296973 0.00335184 -0.00258763 0.000432244 0.000814349 -5.01387e-05
8.07294 0.000388133 0.000427246 0.00296994 0.00335807 -0.00258181 0.00043227 0.000820403 -4.41375e-05
8.07332 0.000394223 0.000366211 0.00297015 0.00336438 -0.00257593 0.000432296 0.000826519 -3.80733e-05
8.0737 0.000400377 0.000427246 0.00297036 0.00337074 -0.00256999 0.000432323 0.0008327 -3.19457e-05
8.07408 0.000406594 0.000427246 0.00297057 0.00337717 -0.00256398 0.000432349 0.000838943 -2.57544e-05
8.07446 0.000412876 0.000366211 0.00297078 0.00338366 -0.00255791 0.000432375 0.000845251 -1.9499e-05
8.07484 0.000419222 0.000427246 0.00297099 0.00339022 -0.00255177 0.000432401 0.000851623 -1.31793e-05
8.07522 0.000425633 0.000427246 0.0029712 0.00339684 -0.00254557 0.000432427 0.00085806 -6.79484e-06
8.0756 0.000432108 0.000488281 0.00297142 0.00340352 -0.00253931 0.000432454 0.000864562 -3.45431e-07
8.07598 0.000438649 0.000366211 0.00297163 0.00341027 -0.00253298 0.00043248 0.000871129 6.16933e-06
8.07636 0.000445256 0.000427246 0.00297184 0.00341709 -0.00252658 0.000432506 0.000877762 1.27498e-05
8.07674 0.000451929 0.000488281 0.00297205 0.00342398 -0.00252012 0.000432532 0.000884461 1.93963e-05
8.07712 0.000458668 0.000488281 0.00297226 0.00343092 -0.00251359 0.000432559 0.000891226 2.6109e-05
8.0775 0.000465473 0.000488281 0.00297247 0.00343794 -0.00250699 0.000432585 0.000898058 3.28885e-05
8.07788 0.000472346 0.000427246 0.00297268 0.00344502 -0.00250033 0.000432611 0.000904957 3.9735e-05
8.07826 0.000479286 0.000427246 0.00297289 0.00345218 -0.0024936 0.000432637 0.000911923 4.66487e-05
8.07864 0.000486294 0.000427246 0.0029731 0.00345939 -0.00248681 0.000432664 0.000918957 5.36301e-05
8.07902 0.000493369 0.000488281 0.00297331 0.00346668 -0.00247994 0.00043269 0.000926059 6.06795e-05
8.0794 0.000500513 0.000488281 0.00297352 0.00347403 -0.00247301 0.000432716 0.000933229 6.77972e-05
8.07978 0.000507726 0.000488281 0.00297373 0.00348146 -0.00246601 0.000432742 0.000940468 7.49835e-05
8.08016 0.000515007 0.000488281 0.00297394 0.00348895 -0.00245893 0.000432769 0.000947776 8.22388e-05
8.08054 0.000522358 0.000488281 0.00297415 0.00349651 -0.00245179 0.000432795 0.000955153 8.95634e-05
8.08092 0.000529779 0.000549316 0.00297436 0.00350414 -0.00244458 0.000432821 0.0009626 9.69576e-05
8.0813 0.000537269 0.000549316 0.00297457 0.00351184 -0.0024373 0.000432847 0.000970116 0.000104422
8.08167 0.00054483 0.000549316 0.00297478 0.00351961 -0.00242995 0.000432873 0.000977703 0.000111956
8.08205 0.000552461 0.000549316 0.00297499 0.00352746 -0.00242253 0.0004329 0.00098536 0.000119561
8.08243 0.000560163 0.000488281 0.00297521 0.00353537 -0.00241504 0.000432926 0.000993089 0.000127237
8.08281 0.000567936 0.000488281 0.00297542 0.00354335 -0.00240748 0.000432952 0.00100089 0.000134984
8.08319 0.000575781 0.000610352 0.00297563 0.00355141 -0.00239985 0.000432978 0.00100876 0.000142803
8.08357 0.000583698 0.000610352 0.00297584 0.00355954 -0.00239214 0.000433005 0.0010167 0.000150694
8.08395 0.000591687 0.000610352 0.00297605 0.00356774 -0.00238436 0.000433031 0.00102472 0.000158657
8.08433 0.000599749 0.000610352 0.00297626 0.00357601 -0.00237651 0.000433057 0.00103281 0.000166692
8.08471 0.000607884 0.000549316 0.00297647 0.00358435 -0.00236859 0.000433083 0.00104097 0.0001748
8.08509 0.000616092 0.000671387 0.00297668 0.00359277 -0.00236059 0.00043311 0.0010492 0.000182982
8.08547 0.000624373 0.000671387 0.00297689 0.00360126 -0.00235252 0.000433136 0.00105751 0.000191237
8.08585 0.000632728 0.000610352 0.0029771 0.00360983 -0.00234437 0.000433162 0.00106589 0.000199566
8.08623 0.000641158 0.000610352 0.00297731 0.00361847 -0.00233615 0.000433188 0.00107435 0.000207969
8.08661 0.000649662 0.000671387 0.00297752 0.00362719 -0.00232786 0.000433215 0.00108288 0.000216447
8.08699 0.000658241 0.000671387 0.00297773 0.00363597 -0.00231949 0.000433241 0.00109148 0.000225
8.08737 0.000666895 0.000610352 0.00297794 0.00364484 -0.00231105 0.000433267 0.00110016 0.000233628
8.08775 0.000675624 0.000732422 0.00297816 0.00365378 -0.00230253 0.000433293 0.00110892 0.000242331
8.08813 0.00068443 0.000671387 0.00297837 0.0036628 -0.00229394 0.00043332 0.00111775 0.00025111
8.08851 0.000693312 0.000671387 0.00297858 0.00367189 -0.00228527 0.000433346 0.00112666 0.000259966
8.08889 0.00070227 0.000732422 0.00297879 0.00368106 -0.00227652 0.000433372 0.00113564 0.000268897
8.08927 0.000711305 0.000671387 0.002979 0.0036903 -0.00226769 0.000433398 0.0011447 0.000277906
8.08965 0.000720417 0.000732422 0.00297921 0.00369963 -0.00225879 0.000433425 0.00115384 0.000286992
8.09002 0.000729606 0.000732422 0.00297942 0.00370903 -0.00224981 0.000433451 0.00116306 0.000296155
8.0904 0.000738874 0.000793457 0.00297963 0.00371851 -0.00224076 0.000433477 0.00117235 0.000305397
8.09078 0.000748219 0.000732422 0.00297984 0.00372806 -0.00223162 0.000433504 0.00118172 0.000314716
8.09116 0.000757644 0.000793457 0.00298005 0.0037377 -0.00222241 0.00043353 0.00119117 0.000324114
8.09154 0.000767146 0.000732422 0.00298026 0.00374741 -0.00221312 0.000433556 0.0012007 0.00033359
8.09192 0.000776728 0.000793457 0.00298047 0.0037572 -0.00220375 0.000433582 0.00121031 0.000343146
8.0923 0.00078639 0.000732422 0.00298069 0.00376708 -0.0021943 0.000433609 0.00122 0.000352781
8.09268 0.000796131 0.000793457 0.0029809 0.00377703 -0.00218477 0.000433635 0.00122977 0.000362496
8.09306 0.000805952 0.000854492 0.00298111 0.00378706 -0.00217516 0.000433661 0.00123961 0.000372291
8.09344 0.000815854 0.000793457 0.00298132 0.00379717 -0.00216546 0.000433687 0.00124954 0.000382167
8.09382 0.000825837 0.000854492 0.00298153 0.00380737 -0.00215569 0.000433714 0.00125955 0.000392123
8.0942 0.0008359 0.000915527 0.00298174 0.00381764 -0.00214584 0.00043374 0.00126964 0.000402161
8.09458 0.000846046 0.000793457 0.00298195 0.003828 -0.00213591 0.000433766 0.00127981 0.000412279
8.09496 0.000856272 0.000854492 0.00298216 0.00383843 -0.00212589 0.000433792 0.00129006 0.00042248
8.09534 0.000866581 0.000915527 0.00298237 0.00384895 -0.00211579 0.000433819 0.0013004 0.000432763
8.09572 0.000876973 0.000793457 0.00298258 0.00385956 -0.00210561 0.000433845 0.00131082 0.000443128
8.0961 0.000887447 0.000854492 0.0029828 0.00387024 -0.00209535 0.000433871 0.00132132 0.000453575
8.09648 0.000898004 0.000915527 0.00298301 0.00388101 -0.002085 0.000433898 0.0013319 0.000464106
8.09686 0.000908644 0.000915527 0.00298322 0.00389186 -0.00207457 0.000433924 0.00134257 0.000474721
8.09724 0.000919369 0.000976562 0.00298343 0.0039028 -0.00206406 0.00043395 0.00135332 0.000485419
8.09762 0.000930177 0.000854492 0.00298364 0.00391382 -0.00205346 0.000433976 0.00136415 0.000496201
8.098 0.00094107 0.000915527 0.00298385 0.00392492 -0.00204278 0.000434003 0.00137507 0.000507067
8.09838 0.000952047 0.000915527 0.00298406 0.00393611 -0.00203201 0.000434029 0.00138608 0.000518018
8.09875 0.00096311 0.000915527 0.00298427 0.00394738 -0.00202116 0.000434055 0.00139716 0.000529054
8.09913 0.000974257 0.000976562 0.00298448 0.00395874 -0.00201023 0.000434081 0.00140834 0.000540176
8.09951 0.000985491 0.000976562 0.0029847 0.00397019 -0.0019992 0.000434108 0.0014196 0.000551383
8.09989 0.00099681 0.000976562 0.00298491 0.00398172 -0.0019881 0.000434134 0.00143094 0.000562676
