1.91 -3.87422e-10 -0.00204468 0.458326 0.458326 -0.458326 0.0254222 0.0254222 -0.0254222
1.91038 -3.72944e-10 -0.00137329 0.458727 0.458727 -0.458727 0.0254444 0.0254444 -0.0254444
1.91076 -3.5895e-10 -0.00143433 0.459128 0.459128 -0.459128 0.0254666 0.0254666 -0.0254666
1.91114 -3.45424e-10 0.00146484 0.45953 0.45953 -0.45953 0.0254888 0.0254888 -0.0254888
1.91152 -3.32354e-10 -0.00149536 0.459932 0.459932 -0.459932 0.0255111 0.0255111 -0.0255111
1.9119 -3.19725e-10 0.00183105 0.460334 0.460334 -0.460334 0.0255334 0.0255334 -0.0255334
1.91228 -3.07524e-10 -0.00167847 0.460737 0.460737 -0.460737 0.0255557 0.0255557 -0.0255557
1.91266 -2.95739e-10 -0.00149536 0.46114 0.46114 -0.46114 0.025578 0.025578 -0.025578
1.91304 -2.84357e-10 0.000976562 0.461543 0.461543 -0.461543 0.0256003 0.0256003 -0.0256003
1.91342 -2.73366e-10 0.00158691 0.461947 0.461947 -0.461947 0.0256227 0.0256227 -0.0256227
1.9138 -2.62754e-10 -0.000946045 0.462351 0.462351 -0.462351 0.025645 0.025645 -0.025645
1.91418 -2.5251e-10 0.000976562 0.462755 0.462755 -0.462755 0.0256674 0.0256674 -0.0256674
1.91456 -2.42623e-10 0.0032959 0.463159 0.463159 -0.463159 0.0256898 0.0256898 -0.0256898
1.91494 -2.33081e-10 0.000427246 0.463564 0.463564 -0.463564 0.0257122 0.0257122 -0.0257122
1.91532 -2.23874e-10 0.00244141 0.463969 0.463969 -0.463969 0.0257347 0.0257347 -0.0257347
1.9157 -2.14992e-10 -0.000976562 0.464375 0.464375 -0.464375 0.0257571 0.0257571 -0.0257571
1.91608 -2.06425e-10 -0.00137329 0.464781 0.464781 -0.464781 0.0257796 0.0257796 -0.0257796
1.91646 -1.98162e-10 0.0012207 0.465187 0.465187 -0.465187 0.0258021 0.0258021 -0.0258021
1.91684 -1.90195e-10 -0.00231934 0.465593 0.465593 -0.465593 0.0258246 0.0258246 -0.0258246
1.91722 -1.82514e-10 0.000671387 0.466 0.466 -0.466 0.0258471 0.0258471 -0.0258471
1.9176 -1.75109e-10 -0.000610352 0.466407 0.466407 -0.466407 0.0258697 0.0258697 -0.0258697
1.91798 -1.67973e-10 -0.000732422 0.466814 0.466814 -0.466814 0.0258922 0.0258922 -0.0258922
1.91836 -1.61097e-10 0.00115967 0.467222 0.467222 -0.467222 0.0259148 0.0259148 -0.0259148
1.91874 -1.54472e-10 0.00140381 0.46763 0.46763 -0.46763 0.0259374 0.0259374 -0.0259374
1.91912 -1.4809e-10 0.000244141 0.468038 0.468038 -0.468038 0.02596 0.02596 -0.02596
1.9195 -1.41944e-10 0.000183105 0.468447 0.468447 -0.468447 0.0259826 0.0259826 -0.0259826
1.91988 -1.36026e-10 -0.00253296 0.468856 0.468856 -0.468856 0.0260053 0.0260053 -0.0260053
1.92026 -1.30327e-10 -0.00219727 0.469265 0.469265 -0.469265 0.0260279 0.0260279 -0.0260279
1.92064 -1.24843e-10 -0.000732422 0.469675 0.469675 -0.469675 0.0260506 0.0260506 -0.0260506
1.92102 -1.19564e-10 -0.000732422 0.470085 0.470085 -0.470085 0.0260733 0.0260733 -0.0260733
1.9214 -1.14484e-10 0.00109863 0.470495 0.470495 -0.470495 0.026096 0.026096 -0.026096
1.92178 -1.09598e-10 0.00152588 0.470905 0.470905 -0.470905 0.0261187 0.0261187 -0.0261187
1.92216 -1.04897e-10 -0.000732422 0.471316 0.471316 -0.471316 0.0261415 0.0261415 -0.0261415
1.92254 -1.00377e-10 0.00360107 0.471728 0.471728 -0.471728 0.0261643 0.0261643 -0.0261643
1.92292 -9.60306e-11 0.00012207 0.472139 0.472139 -0.472139 0.026187 0.026187 -0.026187
1.9233 -9.18523e-11 -0.000366211 0.472551 0.472551 -0.472551 0.0262098 0.0262098 -0.0262098
1.92368 -8.78364e-11 -0.00158691 0.472963 0.472963 -0.472963 0.0262327 0.0262327 -0.0262327
1.92406 -8.39774e-11 0.00280762 0.473375 0.473375 -0.473375 0.0262555 0.0262555 -0.0262555
1.92444 -8.02698e-11 0.00195312 0.473788 0.473788 -0.473788 0.0262784 0.0262784 -0.0262784
1.92482 -7.67084e-11 -0.00405884 0.474201 0.474201 -0.474201 0.0263012 0.0263012 -0.0263012
1.9252 -7.32882e-11 -3.05176e-05 0.474615 0.474615 -0.474615 0.0263241 0.0263241 -0.0263241
1.92558 -7.00042e-11 -3.05176e-05 0.475028 0.475028 -0.475028 0.026347 0.026347 -0.026347
1.92596 -6.68517e-11 0.000854492 0.475442 0.475442 -0.475442 0.0263699 0.0263699 -0.0263699
1.92634 -6.3826e-11 -0.00134277 0.475857 0.475857 -0.475857 0.0263929 0.0263929 -0.0263929
1.92672 -6.09227e-11 -0.00170898 0.476272 0.476272 -0.476272 0.0264159 0.0264159 -0.0264159
1.9271 -5.81373e-11 0.00164795 0.476687 0.476687 -0.476687 0.0264388 0.0264388 -0.0264388
1.92748 -5.54657e-11 0.000976562 0.477102 0.477102 -0.477102 0.0264618 0.0264618 -0.0264618
1.92786 -5.29038e-11 -0.00161743 0.477518 0.477518 -0.477518 0.0264848 0.0264848 -0.0264848
1.92824 -5.04477e-11 0.00354004 0.477934 0.477934 -0.477934 0.0265079 0.0265079 -0.0265079
1.92862 -4.80934e-11 -9.15527e-05 0.47835 0.47835 -0.47835 0.0265309 0.0265309 -0.0265309
1.929 -4.58373e-11 0.00164795 0.478766 0.478766 -0.478766 0.026554 0.026554 -0.026554
1.92938 -4.36758e-11 -0.00250244 0.479183 0.479183 -0.479183 0.0265771 0.0265771 -0.0265771
1.92976 -4.16053e-11 -0.00106812 0.479601 0.479601 -0.479601 0.0266002 0.0266002 -0.0266002
1.93014 -3.96226e-11 0.00152588 0.480018 0.480018 -0.480018 0.0266233 0.0266233 -0.0266233
1.93052 -3.77243e-11 -0.000183105 0.480436 0.480436 -0.480436 0.0266464 0.0266464 -0.0266464
1.9309 -3.59073e-11 -0.000762939 0.480854 0.480854 -0.480854 0.0266696 0.0266696 -0.0266696
1.93128 -3.41685e-11 -0.000183105 0.481273 0.481273 -0.481273 0.0266928 0.0266928 -0.0266928
1.93166 -3.25049e-11 -0.000335693 0.481692 0.481692 -0.481692 0.026716 0.026716 -0.026716
1.93204 -3.09137e-11 -0.00125122 0.482111 0.482111 -0.482111 0.0267392 0.0267392 -0.0267392
1.93242 -2.93922e-11 0.00366211 0.482531 0.482531 -0.482531 0.0267624 0.0267624 -0.0267624
1.9328 -2.79376e-11 0.000549316 0.48295 0.48295 -0.48295 0.0267856 0.0267856 -0.0267856
1.93318 -2.65473e-11 -0.0032959 0.483371 0.483371 -0.483371 0.0268089 0.0268089 -0.0268089
1.93356 -2.52189e-11 0.00128174 0.483791 0.483791 -0.483791 0.0268322 0.0268322 -0.0268322
1.93394 -2.39499e-11 -0.00384521 0.484212 0.484212 -0.484212 0.0268555 0.0268555 -0.0268555
1.93432 -2.27379e-11 0.00134277 0.484633 0.484633 -0.484633 0.0268788 0.0268788 -0.0268788
1.9347 -2.15808e-11 0.00109863 0.485055 0.485055 -0.485055 0.0269022 0.0269022 -0.0269022
1.93508 -2.04764e-11 0.00128174 0.485476 0.485476 -0.485476 0.0269255 0.0269255 -0.0269255
1.93546 -1.94224e-11 0.00146484 0.485899 0.485899 -0.485899 0.0269489 0.0269489 -0.0269489
1.93584 -1.8417e-11 -0.00247192 0.486321 0.486321 -0.486321 0.0269723 0.0269723 -0.0269723
1.93622 -1.74581e-11 -0.00192261 0.486744 0.486744 -0.486744 0.0269957 0.0269957 -0.0269957
1.9366 -1.65438e-11 0.00189209 0.487167 0.487167 -0.487167 0.0270191 0.0270191 -0.0270191
1.93698 -1.56724e-11 -0.00241089 0.48759 0.48759 -0.48759 0.0270425 0.0270425 -0.0270425
1.93736 -1.4842e-11 0.00274658 0.488014 0.488014 -0.488014 0.027066 0.027066 -0.027066
1.93774 -1.40509e-11 0.000549316 0.488438 0.488438 -0.488438 0.0270895 0.0270895 -0.0270895
1.93812 -1.32975e-11 -0.00482178 0.488863 0.488863 -0.488863 0.027113 0.027113 -0.027113
1.9385 -1.25803e-11 0.00189209 0.489287 0.489287 -0.489287 0.0271365 0.0271365 -0.0271365
1.93888 -1.18977e-11 -0.00140381 0.489713 0.489713 -0.489713 0.02716 0.02716 -0.02716
1.93926 -1.12481e-11 -0.000732422 0.490138 0.490138 -0.490138 0.0271836 0.0271836 -0.0271836
1.93964 -1.06303e-11 0.000183105 0.490564 0.490564 -0.490564 0.0272072 0.0272072 -0.0272072
1.94002 -1.00429e-11 -0.000396729 0.49099 0.49099 -0.49099 0.0272307 0.0272307 -0.0272307
1.9404 -9.48446e-12 -0.000762939 0.491416 0.491416 -0.491416 0.0272543 0.0272543 -0.0272543
1.94078 -8.95382e-12 -0.00115967 0.491843 0.491843 -0.491843 0.027278 0.027278 -0.027278
1.94116 -8.44973e-12 -0.000213623 0.49227 0.49227 -0.49227 0.0273016 0.0273016 -0.0273016
1.94154 -7.97102e-12 0.00189209 0.492697 0.492697 -0.492697 0.0273253 0.0273253 -0.0273253
1.94192 -7.51658e-12 0.000427246 0.493125 0.493125 -0.493125 0.027349 0.027349 -0.027349
1.9423 -7.08531e-12 -0.000610352 0.493553 0.493553 -0.493553 0.0273727 0.0273727 -0.0273727
1.94268 -6.67618e-12 0.000244141 0.493981 0.493981 -0.493981 0.0273964 0.0273964 -0.0273964
1.94306 -6.28818e-12 -0.000427246 0.49441 0.49441 -0.49441 0.0274201 0.0274201 -0.0274201
1.94344 -5.92036e-12 -0.0027771 0.494839 0.494839 -0.494839 0.0274439 0.0274439 -0.0274439
1.94382 -5.57179e-12 -0.000427246 0.495269 0.495269 -0.495269 0.0274676 0.0274676 -0.0274676
1.9442 -5.24159e-12 0.000488281 0.495698 0.495698 -0.495698 0.0274914 0.0274914 -0.0274914
1.94458 -4.92889e-12 0.003479 0.496128 0.496128 -0.496128 0.0275152 0.0275152 -0.0275152
1.94496 -4.63289e-12 0.0012207 0.496559 0.496559 -0.496559 0.0275391 0.0275391 -0.0275391
1.94534 -4.3528e-12 -0.00274658 0.496989 0.496989 -0.496989 0.0275629 0.0275629 -0.0275629
1.94572 -4.08786e-12 0.000854492 0.49742 0.49742 -0.49742 0.0275868 0.0275868 -0.0275868
1.9461 -3.83735e-12 0.00012207 0.497852 0.497852 -0.497852 0.0276106 0.0276106 -0.0276106
1.94648 -3.60058e-12 -0.00134277 0.498283 0.498283 -0.498283 0.0276345 0.0276345 -0.0276345
1.94686 -3.37689e-12 0.000915527 0.498715 0.498715 -0.498715 0.0276585 0.0276585 -0.0276585
1.94724 -3.16563e-12 0.00177002 0.499148 0.499148 -0.499148 0.0276824 0.0276824 -0.0276824
1.94762 -2.96621e-12 -0.000793457 0.49958 0.49958 -0.49958 0.0277063 0.0277063 -0.0277063
1.948 -2.77804e-12 -0.000518799 0.500013 0.500013 -0.500013 0.0277303 0.0277303 -0.0277303
1.94838 -2.60055e-12 0.0020752 0.500447 0.500447 -0.500447 0.0277543 0.0277543 -0.0277543
1.94876 -2.43321e-12 0.00372314 0.50088 0.50088 -0.50088 0.0277783 0.0277783 -0.0277783
1.94914 -2.27551e-12 6.10352e-05 0.501315 0.501315 -0.501315 0.0278023 0.0278023 -0.0278023
1.94952 -2.12697e-12 -0.000549316 0.501749 0.501749 -0.501749 0.0278264 0.0278264 -0.0278264
1.9499 -1.98711e-12 0.000976562 0.502183 0.502183 -0.502183 0.0278504 0.0278504 -0.0278504
1.95028 -1.85548e-12 -0.00186157 0.502619 0.502619 -0.502619 0.0278745 0.0278745 -0.0278745
1.95066 -1.73166e-12 0.00195312 0.503054 0.503054 -0.503054 0.0278986 0.0278986 -0.0278986
1.95104 -1.61524e-12 -0.000701904 0.50349 0.50349 -0.50349 0.0279228 0.0279228 -0.0279228
1.95142 -1.50583e-12 -0.00198364 0.503926 0.503926 -0.503926 0.0279469 0.0279469 -0.0279469
1.9518 -1.40306e-12 -0.00305176 0.504362 0.504362 -0.504362 0.027971 0.027971 -0.027971
1.95218 -1.30657e-12 -0.00390625 0.504799 0.504799 -0.504799 0.0279952 0.0279952 -0.0279952
1.95256 -1.21603e-12 -0.00268555 0.505236 0.505236 -0.505236 0.0280194 0.0280194 -0.0280194
1.95294 -1.1311e-12 0.0032959 0.505673 0.505673 -0.505673 0.0280436 0.0280436 -0.0280436
1.95332 -1.05149e-12 0.00134277 0.506111 0.506111 -0.506111 0.0280679 0.0280679 -0.0280679
1.9537 -9.76902e-13 0.000305176 0.506549 0.506549 -0.506549 0.0280921 0.0280921 -0.0280921
1.95408 -9.07053e-13 0.00231934 0.506987 0.506987 -0.506987 0.0281164 0.0281164 -0.0281164
1.95446 -8.41679e-13 -0.000915527 0.507426 0.507426 -0.507426 0.0281407 0.0281407 -0.0281407
1.95484 -7.80527e-13 0.000793457 0.507865 0.507865 -0.507865 0.028165 0.028165 -0.028165
1.95522 -7.23356e-13 0.00250244 0.508304 0.508304 -0.508304 0.0281893 0.0281893 -0.0281893
1.9556 -6.69939e-13 -0.00183105 0.508744 0.508744 -0.508744 0.0282136 0.0282136 -0.0282136
1.95598 -6.20057e-13 0.00146484 0.509184 0.509184 -0.509184 0.028238 0.028238 -0.028238
1.95636 -5.73505e-13 0.0020752 0.509625 0.509625 -0.509625 0.0282624 0.0282624 -0.0282624
1.95674 -5.30085e-13 0.00286865 0.510065 0.510065 -0.510065 0.0282868 0.0282868 -0.0282868
1.95712 -4.89613e-13 0.000305176 0.510507 0.510507 -0.510507 0.0283112 0.0283112 -0.0283112
1.9575 -4.51911e-13 0.00341797 0.510948 0.510948 -0.510948 0.0283356 0.0283356 -0.0283356
1.95788 -4.16812e-13 -0.00161743 0.51139 0.51139 -0.51139 0.0283601 0.0283601 -0.0283601
1.95826 -3.84157e-13 -0.000732422 0.511832 0.511832 -0.511832 0.0283846 0.0283846 -0.0283846
1.95864 -3.53797e-13 0.000366211 0.512274 0.512274 -0.512274 0.028409 0.028409 -0.028409
1.95903 -3.25588e-13 0.000732422 0.512717 0.512717 -0.512717 0.0284336 0.0284336 -0.0284336
1.95941 -2.99396e-13 -0.00448608 0.51316 0.51316 -0.51316 0.0284581 0.0284581 -0.0284581
1.95979 -2.75095e-13 -0.00088501 0.513604 0.513604 -0.513604 0.0284826 0.0284826 -0.0284826
1.96017 -2.52563e-13 -0.00350952 0.514047 0.514047 -0.514047 0.0285072 0.0285072 -0.0285072
1.96055 -2.31686e-13 0.000488281 0.514492 0.514492 -0.514492 0.0285318 0.0285318 -0.0285318
1.96093 -2.12358e-13 0.00305176 0.514936 0.514936 -0.514936 0.0285564 0.0285564 -0.0285564
1.96131 -1.94477e-13 0.00360107 0.515381 0.515381 -0.515381 0.028581 0.028581 -0.028581
1.96169 -1.77946e-13 0.000793457 0.515826 0.515826 -0.515826 0.0286057 0.0286057 -0.0286057
1.96207 -1.62677e-13 -0.00250244 0.516272 0.516272 -0.516272 0.0286303 0.0286303 -0.0286303
1.96245 -1.48583e-13 0.000854492 0.516717 0.516717 -0.516717 0.028655 0.028655 -0.028655
1.96283 -1.35586e-13 0.00152588 0.517164 0.517164 -0.517164 0.0286797 0.0286797 -0.0286797
1.96321 -1.23609e-13 -0.00335693 0.51761 0.51761 -0.51761 0.0287044 0.0287044 -0.0287044
1.96359 -1.12582e-13 -0.00012207 0.518057 0.518057 -0.518057 0.0287292 0.0287292 -0.0287292
1.96397 -1.02438e-13 -0.00268555 0.518504 0.518504 -0.518504 0.0287539 0.0287539 -0.0287539
1.96435 -9.31153e-14 0.00195312 0.518952 0.518952 -0.518952 0.0287787 0.0287787 -0.0287787
1.96473 -8.45542e-14 -0.00189209 0.5194 0.5194 -0.5194 0.0288035 0.0288035 -0.0288035
1.96511 -7.67001e-14 0.00189209 0.519848 0.519848 -0.519848 0.0288283 0.0288283 -0.0288283
1.96549 -6.95012e-14 0.000366211 0.520297 0.520297 -0.520297 0.0288531 0.0288531 -0.0288531
1.96587 -6.29094e-14 -0.000671387 0.520746 0.520746 -0.520746 0.028878 0.028878 -0.028878
1.96625 -5.68792e-14 0.00396729 0.521195 0.521195 -0.521195 0.0289028 0.0289028 -0.0289028
1.96663 -5.13685e-14 0.0020752 0.521645 0.521645 -0.521645 0.0289277 0.0289277 -0.0289277
1.96701 -4.63375e-14 -0.00317383 0.522094 0.522094 -0.522094 0.0289526 0.0289526 -0.0289526
1.96739 -4.17494e-14 -0.0017395 0.522545 0.522545 -0.522545 0.0289776 0.0289776 -0.0289776
1.96777 -3.75696e-14 0.00372314 0.522996 0.522996 -0.522996 0.0290025 0.0290025 -0.0290025
1.96815 -3.3766e-14 -0.00552368 0.523446 0.523446 -0.523446 0.0290275 0.0290275 -0.0290275
1.96853 -3.03087e-14 0.00421143 0.523898 0.523898 -0.523898 0.0290525 0.0290525 -0.0290525
1.96891 -2.71696e-14 0.00183105 0.52435 0.52435 -0.52435 0.0290775 0.0290775 -0.0290775
1.96929 -2.4323e-14 -0.00219727 0.524802 0.524802 -0.524802 0.0291025 0.0291025 -0.0291025
1.96967 -2.17446e-14 -0.00198364 0.525254 0.525254 -0.525254 0.0291275 0.0291275 -0.0291275
1.97005 -1.94121e-14 0.0020752 0.525707 0.525707 -0.525707 0.0291526 0.0291526 -0.0291526
1.97043 -1.73047e-14 -0.00140381 0.52616 0.52616 -0.52616 0.0291777 0.0291777 -0.0291777
1.97081 -1.54032e-14 -0.00442505 0.526613 0.526613 -0.526613 0.0292028 0.0292028 -0.0292028
1.97119 -1.36897e-14 -0.000732422 0.527067 0.527067 -0.527067 0.0292279 0.0292279 -0.0292279
1.97157 -1.21478e-14 0.00341797 0.527521 0.527521 -0.527521 0.029253 0.029253 -0.029253
1.97195 -1.07623e-14 -0.00189209 0.527976 0.527976 -0.527976 0.0292782 0.0292782 -0.0292782
1.97233 -9.519e-15 -0.00314331 0.52843 0.52843 -0.52843 0.0293033 0.0293033 -0.0293033
1.97271 -8.40508e-15 0.00231934 0.528886 0.528886 -0.528886 0.0293285 0.0293285 -0.0293285
1.97309 -7.40858e-15 -0.000427246 0.529341 0.529341 -0.529341 0.0293538 0.0293538 -0.0293538
1.97347 -6.51851e-15 -0.00012207 0.529797 0.529797 -0.529797 0.029379 0.029379 -0.029379
1.97385 -5.7248e-15 0.00354004 0.530253 0.530253 -0.530253 0.0294042 0.0294042 -0.0294042
1.97423 -5.01818e-15 0.00140381 0.53071 0.53071 -0.53071 0.0294295 0.0294295 -0.0294295
1.97461 -4.39018e-15 -0.00128174 0.531167 0.531167 -0.531167 0.0294548 0.0294548 -0.0294548
1.97499 -3.83304e-15 0.000854492 0.531624 0.531624 -0.531624 0.0294801 0.0294801 -0.0294801
1.97537 -3.33965e-15 0.000488281 0.532082 0.532082 -0.532082 0.0295054 0.0295054 -0.0295054
1.97575 -2.90355e-15 0.00299072 0.53254 0.53254 -0.53254 0.0295308 0.0295308 -0.0295308
1.97613 -2.51882e-15 -0.00369263 0.532998 0.532998 -0.532998 0.0295561 0.0295561 -0.0295561
1.97651 -2.18009e-15 -0.00247192 0.533457 0.533457 -0.533457 0.0295815 0.0295815 -0.0295815
1.97689 -1.88247e-15 0.000915527 0.533916 0.533916 -0.533916 0.0296069 0.0296069 -0.0296069
1.97727 -1.62154e-15 -0.000335693 0.534375 0.534375 -0.534375 0.0296324 0.0296324 -0.0296324
1.97765 -1.39326e-15 -0.000183105 0.534835 0.534835 -0.534835 0.0296578 0.0296578 -0.0296578
1.97803 -1.19401e-15 -9.15527e-05 0.535295 0.535295 -0.535295 0.0296833 0.0296833 -0.0296833
1.97841 -1.0205e-15 0.0012207 0.535755 0.535755 -0.535755 0.0297088 0.0297088 -0.0297088
1.97879 -8.69775e-16 0.00268555 0.536216 0.536216 -0.536216 0.0297343 0.0297343 -0.0297343
1.97917 -7.39174e-16 0.00268555 0.536677 0.536677 -0.536677 0.0297598 0.0297598 -0.0297598
1.97955 -6.26305e-16 -0.00192261 0.537139 0.537139 -0.537139 0.0297853 0.0297853 -0.0297853
1.97993 -5.29024e-16 -0.00442505 0.537601 0.537601 -0.537601 0.0298109 0.0298109 -0.0298109
1.98031 -4.45413e-16 -0.00112915 0.538063 0.538063 -0.538063 0.0298365 0.0298365 -0.0298365
1.98069 -3.73762e-16 -0.00323486 0.538525 0.538525 -0.538525 0.0298621 0.0298621 -0.0298621
1.98107 -3.12545e-16 -0.000274658 0.538988 0.538988 -0.538988 0.0298877 0.0298877 -0.0298877
1.98145 -2.60409e-16 0 0.539451 0.539451 -0.539451 0.0299133 0.0299133 -0.0299133
1.98183 -2.16152e-16 -0.000274658 0.539915 0.539915 -0.539915 0.029939 0.029939 -0.029939
1.98221 -1.78711e-16 0.00134277 0.540379 0.540379 -0.540379 0.0299647 0.0299647 -0.0299647
1.98259 -1.4715e-16 0.00415039 0.540843 0.540843 -0.540843 0.0299904 0.0299904 -0.0299904
1.98297 -1.20644e-16 0.00140381 0.541308 0.541308 -0.541308 0.0300161 0.0300161 -0.0300161
1.98335 -9.84706e-17 0.00195312 0.541773 0.541773 -0.541773 0.0300418 0.0300418 -0.0300418
1.98373 -7.99964e-17 0.000793457 0.542238 0.542238 -0.542238 0.0300676 0.0300676 -0.0300676
1.98411 -6.46699e-17 0.00244141 0.542704 0.542704 -0.542704 0.0300934 0.0300934 -0.0300934
1.98449 -5.20113e-17 0.000732422 0.54317 0.54317 -0.54317 0.0301192 0.0301192 -0.0301192
1.98487 -4.16051e-17 -0.00177002 0.543637 0.543637 -0.543637 0.030145 0.030145 -0.030145
1.98525 -3.30925e-17 -0.00311279 0.544104 0.544104 -0.544104 0.0301708 0.0301708 -0.0301708
1.98563 -2.61648e-17 -0.00326538 0.544571 0.544571 -0.544571 0.0301967 0.0301967 -0.0301967
1.98601 -2.05575e-17 0.00164795 0.545038 0.545038 -0.545038 0.0302225 0.0302225 -0.0302225
1.98639 -1.6045e-17 -0.00100708 0.545506 0.545506 -0.545506 0.0302484 0.0302484 -0.0302484
1.98677 -1.24355e-17 0.00140381 0.545974 0.545974 -0.545974 0.0302743 0.0302743 -0.0302743
1.98715 -9.56662e-18 0.00134277 0.546443 0.546443 -0.546443 0.0303003 0.0303003 -0.0303003
1.98753 -7.30189e-18 0.000244141 0.546912 0.546912 -0.546912 0.0303262 0.0303262 -0.0303262
1.98791 -5.5269e-18 0.000366211 0.547381 0.547381 -0.547381 0.0303522 0.0303522 -0.0303522
1.98829 -4.14634e-18 -0.0010376 0.547851 0.547851 -0.547851 0.0303782 0.0303782 -0.0303782
1.98867 -3.08127e-18 -0.000274658 0.548321 0.548321 -0.548321 0.0304042 0.0304042 -0.0304042
1.98905 -2.26671e-18 -0.00149536 0.548791 0.548791 -0.548791 0.0304302 0.0304302 -0.0304302
1.98943 -1.64951e-18 -0.000305176 0.549262 0.549262 -0.549262 0.0304563 0.0304563 -0.0304563
1.98981 -1.18647e-18 -0.00088501 0.549733 0.549733 -0.549733 0.0304824 0.0304824 -0.0304824
1.99019 -8.42795e-19 -0.000274658 0.550204 0.550204 -0.550204 0.0305084 0.0305084 -0.0305084
1.99057 -5.90633e-19 0.00250244 0.550676 0.550676 -0.550676 0.0305346 0.0305346 -0.0305346
1.99095 -4.07909e-19 -0.0032959 0.551148 0.551148 -0.551148 0.0305607 0.0305607 -0.0305607
1.99133 -2.77276e-19 -0.00012207 0.551621 0.551621 -0.551621 0.0305868 0.0305868 -0.0305868
1.99171 -1.85245e-19 -0.00256348 0.552094 0.552094 -0.552094 0.030613 0.030613 -0.030613
1.99209 -1.2144e-19 0.0010376 0.552567 0.552567 -0.552567 0.0306392 0.0306392 -0.0306392
1.99247 -7.79732e-20 0.00311279 0.553041 0.553041 -0.553041 0.0306654 0.0306654 -0.0306654
1.99285 -4.89289e-20 0.00610352 0.553514 0.553514 -0.553514 0.0306916 0.0306916 -0.0306916
1.99323 -2.99318e-20 0.000854492 0.553989 0.553989 -0.553989 0.0307179 0.0307179 -0.0307179
1.99361 -1.77979e-20 -0.00350952 0.554464 0.554464 -0.554464 0.0307442 0.0307442 -0.0307442
1.99399 -1.02508e-20 -0.0015564 0.554939 0.554939 -0.554939 0.0307705 0.0307705 -0.0307705
1.99437 -5.69504e-21 0.00256348 0.555414 0.555414 -0.555414 0.0307968 0.0307968 -0.0307968
1.99475 -3.03664e-21 0.000732422 0.55589 0.55589 -0.55589 0.0308231 0.0308231 -0.0308231
1.99513 -1.54441e-21 0.000427246 0.556366 0.556366 -0.556366 0.0308494 0.0308494 -0.0308494
1.99551 -7.43482e-22 0.000244141 0.556843 0.556843 -0.556843 0.0308758 0.0308758 -0.0308758
1.99589 -3.35498e-22 0.000305176 0.557319 0.557319 -0.557319 0.0309022 0.0309022 -0.0309022
1.99627 -1.40141e-22 -0.00137329 0.557797 0.557797 -0.557797 0.0309286 0.0309286 -0.0309286
1.99665 -5.32939e-23 6.10352e-05 0.558274 0.558274 -0.558274 0.030955 0.030955 -0.030955
1.99703 -1.80382e-23 -0.0012207 0.558752 0.558752 -0.558752 0.0309815 0.0309815 -0.0309815
1.99741 -5.26293e-24 -0.00106812 0.55923 0.55923 -0.55923 0.031008 0.031008 -0.031008
1.99779 -1.26257e-24 0.00292969 0.559709 0.559709 -0.559709 0.0310345 0.0310345 -0.0310345
1.99817 -2.31237e-25 0.00421143 0.560188 0.560188 -0.560188 0.031061 0.031061 -0.031061
1.99855 -2.84923e-26 0.00109863 0.560668 0.560668 -0.560668 0.0310875 0.0310875 -0.0310875
1.99893 -1.85175e-27 0.000854492 0.561147 0.561147 -0.561147 0.031114 0.031114 -0.031114
1.99931 -3.58321e-29 -0.0038147 0.561627 0.561627 -0.561627 0.0311406 0.0311406 -0.0311406
1.99969 -2.70433e-32 -0.00460815 0.562108 0.562108 -0.562108 0.0311672 0.0311672 -0.0311672
2.00007 3.61113e-38 0.0020752 0.562589 0.562589 -0.562589 0.0311938 0.0311938 -0.0311938
2.00045 7.4437e-31 -0.00222778 0.56307 0.56307 -0.56307 0.0312204 0.0312204 -0.0312204
2.00083 1.85365e-28 -0.00216675 0.563552 0.563552 -0.563552 0.0312471 0.0312471 -0.0312471
2.00121 5.52935e-27 0.000305176 0.564034 0.564034 -0.564034 0.0312738 0.0312738 -0.0312738
2.00159 6.46917e-26 0.000793457 0.564516 0.564516 -0.564516 0.0313005 0.0313005 -0.0313005
2.00197 4.45534e-25 -0.00268555 0.564999 0.564999 -0.564999 0.0313272 0.0313272 -0.0313272
2.00235 2.18059e-24 -0.00180054 0.565482 0.565482 -0.565482 0.0313539 0.0313539 -0.0313539
2.00273 8.40674e-24 0.00146484 0.565965 0.565965 -0.565965 0.0313806 0.0313806 -0.0313806
2.00311 2.71743e-23 0.00476074 0.566449 0.566449 -0.566449 0.0314074 0.0314074 -0.0314074
2.00349 7.67119e-23 0.000183105 0.566933 0.566933 -0.566933 0.0314342 0.0314342 -0.0314342
2.00387 1.94504e-22 -9.15527e-05 0.567418 0.567418 -0.567418 0.031461 0.031461 -0.031461
2.00425 4.51968e-22 0.00012207 0.567903 0.567903 -0.567903 0.0314879 0.0314879 -0.0314879
2.00463 9.77015e-22 0.00421143 0.568388 0.568388 -0.568388 0.0315147 0.0315147 -0.0315147
2.00501 1.98732e-21 0.000976562 0.568873 0.568873 -0.568873 0.0315416 0.0315416 -0.0315416
2.00539 3.83773e-21 0.00152588 0.569359 0.569359 -0.569359 0.0315685 0.0315685 -0.0315685
2.00577 7.08597e-21 0.00158691 0.569846 0.569846 -0.569846 0.0315954 0.0315954 -0.0315954
2.00615 1.25814e-20 -0.00128174 0.570333 0.570333 -0.570333 0.0316223 0.0316223 -0.0316223
2.00653 2.15826e-20 0.00506592 0.57082 0.57082 -0.57082 0.0316493 0.0316493 -0.0316493
2.00691 3.59101e-20 -0.00134277 0.571307 0.571307 -0.571307 0.0316763 0.0316763 -0.0316763
2.00729 5.81416e-20 -0.00140381 0.571795 0.571795 -0.571795 0.0317033 0.0317033 -0.0317033
2.00767 9.18587e-20 0.00189209 0.572283 0.572283 -0.572283 0.0317303 0.0317303 -0.0317303
2.00805 1.41953e-19 -0.00216675 0.572772 0.572772 -0.572772 0.0317573 0.0317573 -0.0317573
2.00843 2.15006e-19 -0.00430298 0.573261 0.573261 -0.573261 0.0317844 0.0317844 -0.0317844
2.00881 3.19744e-19 -0.000610352 0.57375 0.57375 -0.57375 0.0318114 0.0318114 -0.0318114
2.00919 4.676e-19 0.0020752 0.57424 0.57424 -0.57424 0.0318385 0.0318385 -0.0318385
2.00957 6.73375e-19 0.0022583 0.57473 0.57473 -0.57473 0.0318657 0.0318657 -0.0318657
2.00995 9.56029e-19 0.00195312 0.57522 0.57522 -0.57522 0.0318928 0.0318928 -0.0318928
2.01033 1.33961e-18 0.00256348 0.575711 0.575711 -0.575711 0.03192 0.03192 -0.03192
2.01071 1.85435e-18 0.00164795 0.576203 0.576203 -0.576203 0.0319471 0.0319471 -0.0319471
2.01109 2.53794e-18 -0.000274658 0.576694 0.576694 -0.576694 0.0319743 0.0319743 -0.0319743
2.01147 3.437e-18 -0.00125122 0.577186 0.577186 -0.577186 0.0320016 0.0320016 -0.0320016
2.01185 4.60875e-18 -0.000793457 0.577678 0.577678 -0.577678 0.0320288 0.0320288 -0.0320288
2.01223 6.12301e-18 0.00012207 0.578171 0.578171 -0.578171 0.0320561 0.0320561 -0.0320561
2.01261 8.06438e-18 -0.00289917 0.578664 0.578664 -0.578664 0.0320833 0.0320833 -0.0320833
2.01299 1.05348e-17 0.000366211 0.579158 0.579158 -0.579158 0.0321107 0.0321107 -0.0321107
2.01337 1.36563e-17 -0.00125122 0.579651 0.579651 -0.579651 0.032138 0.032138 -0.032138
2.01375 1.75744e-17 0.00146484 0.580145 0.580145 -0.580145 0.0321653 0.0321653 -0.0321653
2.01413 2.24617e-17 0.000244141 0.58064 0.58064 -0.58064 0.0321927 0.0321927 -0.0321927
2.01451 2.85218e-17 0.00146484 0.581135 0.581135 -0.581135 0.0322201 0.0322201 -0.0322201
2.01489 3.59939e-17 0.00360107 0.58163 0.58163 -0.58163 0.0322475 0.0322475 -0.0322475
2.01527 4.51578e-17 -0.000701904 0.582126 0.582126 -0.582126 0.0322749 0.0322749 -0.0322749
2.01565 5.63399e-17 -0.00109863 0.582622 0.582622 -0.582622 0.0323023 0.0323023 -0.0323023
2.01603 6.99188e-17 -0.0010376 0.583118 0.583118 -0.583118 0.0323298 0.0323298 -0.0323298
2.01641 8.63325e-17 0.00146484 0.583615 0.583615 -0.583615 0.0323573 0.0323573 -0.0323573
2.01679 1.06086e-16 -0.00100708 0.584113 0.584113 -0.584113 0.0323848 0.0323848 -0.0323848
2.01717 1.29759e-16 0.00140381 0.58461 0.58461 -0.58461 0.0324124 0.0324124 -0.0324124
2.01755 1.58017e-16 -0.00161743 0.585108 0.585108 -0.585108 0.0324399 0.0324399 -0.0324399
2.01793 1.91618e-16 -0.0017395 0.585606 0.585606 -0.585606 0.0324675 0.0324675 -0.0324675
2.01831 2.31427e-16 0.00402832 0.586105 0.586105 -0.586105 0.0324951 0.0324951 -0.0324951
2.01869 2.78424e-16 0.000366211 0.586604 0.586604 -0.586604 0.0325227 0.0325227 -0.0325227
2.01907 3.3372e-16 0.00213623 0.587104 0.587104 -0.587104 0.0325503 0.0325503 -0.0325503
2.01945 3.98571e-16 -0.00604248 0.587603 0.587603 -0.587603 0.032578 0.032578 -0.032578
2.01983 4.74392e-16 -0.00238037 0.588104 0.588104 -0.588104 0.0326056 0.0326056 -0.0326056
2.02021 5.62772e-16 0.00372314 0.588604 0.588604 -0.588604 0.0326333 0.0326333 -0.0326333
2.02059 6.65497e-16 -0.000610352 0.589105 0.589105 -0.589105 0.0326611 0.0326611 -0.0326611
2.02097 7.84563e-16 -0.00152588 0.589607 0.589607 -0.589607 0.0326888 0.0326888 -0.0326888
2.02135 9.22201e-16 -0.00247192 0.590108 0.590108 -0.590108 0.0327166 0.0327166 -0.0327166
2.02173 1.0809e-15 -0.00195312 0.59061 0.59061 -0.59061 0.0327443 0.0327443 -0.0327443
2.02211 1.26342e-15 -0.00247192 0.591113 0.591113 -0.591113 0.0327721 0.0327721 -0.0327721
2.02249 1.47285e-15 0.00286865 0.591616 0.591616 -0.591616 0.0328 0.0328 -0.0328
2.02287 1.71258e-15 -0.00262451 0.592119 0.592119 -0.592119 0.0328278 0.0328278 -0.0328278
2.02325 1.98639e-15 0.00317383 0.592623 0.592623 -0.592623 0.0328557 0.0328557 -0.0328557
2.02363 2.29844e-15 -0.00146484 0.593127 0.593127 -0.593127 0.0328836 0.0328836 -0.0328836
2.02401 2.65333e-15 0.00231934 0.593631 0.593631 -0.593631 0.0329115 0.0329115 -0.0329115
2.02439 3.05612e-15 -0.00387573 0.594136 0.594136 -0.594136 0.0329394 0.0329394 -0.0329394
2.02477 3.51237e-15 0.0022583 0.594641 0.594641 -0.594641 0.0329673 0.0329673 -0.0329673
2.02515 4.0282e-15 -0.000518799 0.595146 0.595146 -0.595146 0.0329953 0.0329953 -0.0329953
2.02553 4.61029e-15 -0.00183105 0.595652 0.595652 -0.595652 0.0330233 0.0330233 -0.0330233
2.02591 5.26598e-15 0.00219727 0.596159 0.596159 -0.596159 0.0330513 0.0330513 -0.0330513
2.02629 6.0033e-15 0.00378418 0.596665 0.596665 -0.596665 0.0330794 0.0330794 -0.0330794
2.02667 6.83099e-15 0.00531006 0.597172 0.597172 -0.597172 0.0331074 0.0331074 -0.0331074
2.02705 7.75861e-15 0.00384521 0.59768 0.59768 -0.59768 0.0331355 0.0331355 -0.0331355
2.02743 8.79655e-15 0.00134277 0.598188 0.598188 -0.598188 0.0331636 0.0331636 -0.0331636
2.02781 9.95613e-15 -0.00271606 0.598696 0.598696 -0.598696 0.0331917 0.0331917 -0.0331917
2.02819 1.12496e-14 0.00610352 0.599205 0.599205 -0.599205 0.0332198 0.0332198 -0.0332198
2.02857 1.26905e-14 -0.00149536 0.599713 0.599713 -0.599713 0.033248 0.033248 -0.033248
2.02895 1.4293e-14 -0.00415039 0.600223 0.600223 -0.600223 0.0332762 0.0332762 -0.0332762
2.02933 1.6073e-14 -0.00137329 0.600733 0.600733 -0.600733 0.0333044 0.0333044 -0.0333044
2.02971 1.80473e-14 -0.00213623 0.601243 0.601243 -0.601243 0.0333326 0.0333326 -0.0333326
2.03009 2.02344e-14 -0.00241089 0.601753 0.601753 -0.601753 0.0333608 0.0333608 -0.0333608
2.03047 2.2654e-14 -0.000762939 0.602264 0.602264 -0.602264 0.0333891 0.0333891 -0.0333891
2.03085 2.53274e-14 0.000854492 0.602775 0.602775 -0.602775 0.0334174 0.0334174 -0.0334174
2.03123 2.82776e-14 0.00244141 0.603287 0.603287 -0.603287 0.0334457 0.0334457 -0.0334457
2.03161 3.15295e-14 0.00250244 0.603799 0.603799 -0.603799 0.033474 0.033474 -0.033474
2.03199 3.51096e-14 0.0020752 0.604312 0.604312 -0.604312 0.0335024 0.0335024 -0.0335024
2.03237 3.90466e-14 0.00256348 0.604824 0.604824 -0.604824 0.0335308 0.0335308 -0.0335308
2.03275 4.33712e-14 -0.000946045 0.605338 0.605338 -0.605338 0.0335592 0.0335592 -0.0335592
2.03313 4.81165e-14 0.000976562 0.605851 0.605851 -0.605851 0.0335876 0.0335876 -0.0335876
2.03351 5.33178e-14 0.0043335 0.606365 0.606365 -0.606365 0.033616 0.033616 -0.033616
2.03389 5.9013e-14 0.000671387 0.60688 0.60688 -0.60688 0.0336445 0.0336445 -0.0336445
2.03427 6.52426e-14 0 0.607394 0.607394 -0.607394 0.0336729 0.0336729 -0.0336729
2.03465 7.20501e-14 -0.000213623 0.60791 0.60791 -0.60791 0.0337014 0.0337014 -0.0337014
2.03503 7.94819e-14 -0.000976562 0.608425 0.608425 -0.608425 0.03373 0.03373 -0.03373
2.03541 8.75873e-14 -0.00274658 0.608941 0.608941 -0.608941 0.0337585 0.0337585 -0.0337585
2.03579 9.64193e-14 -0.000579834 0.609457 0.609457 -0.609457 0.0337871 0.0337871 -0.0337871
2.03617 1.06034e-13 0.0045166 0.609974 0.609974 -0.609974 0.0338157 0.0338157 -0.0338157
2.03655 1.16492e-13 0.00115967 0.610491 0.610491 -0.610491 0.0338443 0.0338443 -0.0338443
2.03693 1.27857e-13 0.0012207 0.611009 0.611009 -0.611009 0.0338729 0.0338729 -0.0338729
2.03731 1.40197e-13 -0.000274658 0.611527 0.611527 -0.611527 0.0339015 0.0339015 -0.0339015
2.03769 1.53585e-13 0.00219727 0.612045 0.612045 -0.612045 0.0339302 0.0339302 -0.0339302
2.03807 1.68097e-13 0.00268555 0.612563 0.612563 -0.612563 0.0339589 0.0339589 -0.0339589
2.03845 1.83816e-13 -0.00140381 0.613083 0.613083 -0.613083 0.0339876 0.0339876 -0.0339876
2.03883 2.00827e-13 0.000976562 0.613602 0.613602 -0.613602 0.0340164 0.0340164 -0.0340164
2.03921 2.19224e-13 -0.00265503 0.614122 0.614122 -0.614122 0.0340451 0.0340451 -0.0340451
2.03959 2.39104e-13 0.00012207 0.614642 0.614642 -0.614642 0.0340739 0.0340739 -0.0340739
2.03997 2.60571e-13 -9.15527e-05 0.615163 0.615163 -0.615163 0.0341027 0.0341027 -0.0341027
2.04035 2.83734e-13 -0.00134277 0.615684 0.615684 -0.615684 0.0341315 0.0341315 -0.0341315
2.04073 3.08709e-13 0.0043335 0.616205 0.616205 -0.616205 0.0341604 0.0341604 -0.0341604
2.04111 3.3562e-13 -0.00244141 0.616727 0.616727 -0.616727 0.0341892 0.0341892 -0.0341892
2.04149 3.64597e-13 -0.000823975 0.617249 0.617249 -0.617249 0.0342181 0.0342181 -0.0342181
2.04187 3.95776e-13 -0.0017395 0.617772 0.617772 -0.617772 0.034247 0.034247 -0.034247
2.04225 4.29303e-13 0.00134277 0.618295 0.618295 -0.618295 0.034276 0.034276 -0.034276
2.04263 4.65331e-13 0.00183105 0.618818 0.618818 -0.618818 0.0343049 0.0343049 -0.0343049
2.04301 5.04022e-13 -0.00164795 0.619342 0.619342 -0.619342 0.0343339 0.0343339 -0.0343339
2.04339 5.45547e-13 -0.00219727 0.619866 0.619866 -0.619866 0.0343629 0.0343629 -0.0343629
2.04377 5.90086e-13 -0.00427246 0.62039 0.62039 -0.62039 0.0343919 0.0343919 -0.0343919
2.04415 6.37827e-13 0.00408936 0.620915 0.620915 -0.620915 0.0344209 0.0344209 -0.0344209
2.04453 6.88972e-13 -0.000549316 0.621441 0.621441 -0.621441 0.03445 0.03445 -0.03445
2.04491 7.4373e-13 0.000305176 0.621966 0.621966 -0.621966 0.0344791 0.0344791 -0.0344791
2.04529 8.02323e-13 0.0020752 0.622493 0.622493 -0.622493 0.0345082 0.0345082 -0.0345082
2.04567 8.64985e-13 -0.000213623 0.623019 0.623019 -0.623019 0.0345373 0.0345373 -0.0345373
2.04605 9.31958e-13 -0.000488281 0.623546 0.623546 -0.623546 0.0345665 0.0345665 -0.0345665
2.04643 1.0035e-12 0.00170898 0.624073 0.624073 -0.624073 0.0345956 0.0345956 -0.0345956
2.04681 1.07989e-12 0.00134277 0.624601 0.624601 -0.624601 0.0346248 0.0346248 -0.0346248
2.04719 1.1614e-12 -0.000579834 0.625129 0.625129 -0.625129 0.034654 0.034654 -0.034654
2.04757 1.24833e-12 -0.00250244 0.625658 0.625658 -0.625658 0.0346833 0.0346833 -0.0346833
2.04795 1.341e-12 0.0010376 0.626187 0.626187 -0.626187 0.0347125 0.0347125 -0.0347125
2.04833 1.43974e-12 0.000488281 0.626716 0.626716 -0.626716 0.0347418 0.0347418 -0.0347418
2.04871 1.54489e-12 -0.0010376 0.627246 0.627246 -0.627246 0.0347711 0.0347711 -0.0347711
2.04909 1.65681e-12 -0.00408936 0.627776 0.627776 -0.627776 0.0348004 0.0348004 -0.0348004
2.04947 1.77587e-12 -0.00170898 0.628306 0.628306 -0.628306 0.0348298 0.0348298 -0.0348298
2.04985 1.90249e-12 0.000671387 0.628837 0.628837 -0.628837 0.0348591 0.0348591 -0.0348591
2.05023 2.03706e-12 -0.000518799 0.629368 0.629368 -0.629368 0.0348885 0.0348885 -0.0348885
2.05061 2.18004e-12 0.0022583 0.6299 0.6299 -0.6299 0.0349179 0.0349179 -0.0349179
2.05099 2.33186e-12 -0.00149536 0.630432 0.630432 -0.630432 0.0349474 0.0349474 -0.0349474
2.05137 2.49301e-12 -0.000274658 0.630965 0.630965 -0.630965 0.0349768 0.0349768 -0.0349768
2.05175 2.66398e-12 0.00341797 0.631498 0.631498 -0.631498 0.0350063 0.0350063 -0.0350063
2.05213 2.8453e-12 -0.00344849 0.632031 0.632031 -0.632031 0.0350358 0.0350358 -0.0350358
2.05251 3.03751e-12 0.00164795 0.632564 0.632564 -0.632564 0.0350653 0.0350653 -0.0350653
2.05289 3.24117e-12 0.000732422 0.633099 0.633099 -0.633099 0.0350949 0.0350949 -0.0350949
2.05327 3.45688e-12 0.00128174 0.633633 0.633633 -0.633633 0.0351244 0.0351244 -0.0351244
2.05365 3.68526e-12 0.00177002 0.634168 0.634168 -0.634168 0.035154 0.035154 -0.035154
2.05403 3.92695e-12 0.00177002 0.634703 0.634703 -0.634703 0.0351836 0.0351836 -0.0351836
2.05441 4.18263e-12 0.000671387 0.635239 0.635239 -0.635239 0.0352133 0.0352133 -0.0352133
2.05479 4.45301e-12 -0.000427246 0.635775 0.635775 -0.635775 0.0352429 0.0352429 -0.0352429
2.05517 4.73881e-12 -6.10352e-05 0.636311 0.636311 -0.636311 0.0352726 0.0352726 -0.0352726
2.05555 5.04079e-12 0.00177002 0.636848 0.636848 -0.636848 0.0353023 0.0353023 -0.0353023
2.05593 5.35977e-12 -0.00143433 0.637386 0.637386 -0.637386 0.035332 0.035332 -0.035332
2.05631 5.69656e-12 -0.00268555 0.637923 0.637923 -0.637923 0.0353618 0.0353618 -0.0353618
2.05669 6.05204e-12 -0.00344849 0.638462 0.638462 -0.638462 0.0353915 0.0353915 -0.0353915
2.05708 6.4271e-12 0.000244141 0.639 0.639 -0.639 0.0354213 0.0354213 -0.0354213
2.05746 6.82268e-12 -0.00210571 0.639539 0.639539 -0.639539 0.0354511 0.0354511 -0.0354511
2.05784 7.23975e-12 -0.000488281 0.640078 0.640078 -0.640078 0.0354809 0.0354809 -0.0354809
2.05822 7.67933e-12 -0.00241089 0.640618 0.640618 -0.640618 0.0355108 0.0355108 -0.0355108
2.0586 8.14249e-12 0.00115967 0.641158 0.641158 -0.641158 0.0355407 0.0355407 -0.0355407
2.05898 8.6303e-12 -0.000335693 0.641699 0.641699 -0.641699 0.0355706 0.0355706 -0.0355706
2.05936 9.14393e-12 0.00219727 0.64224 0.64224 -0.64224 0.0356005 0.0356005 -0.0356005
2.05974 9.68455e-12 -0.00189209 0.642781 0.642781 -0.642781 0.0356304 0.0356304 -0.0356304
2.06012 1.02534e-11 0.00152588 0.643323 0.643323 -0.643323 0.0356604 0.0356604 -0.0356604
2.0605 1.08517e-11 -0.00665283 0.643865 0.643865 -0.643865 0.0356904 0.0356904 -0.0356904
2.06088 1.14809e-11 0.0022583 0.644407 0.644407 -0.644407 0.0357204 0.0357204 -0.0357204
2.06126 1.21424e-11 -0.00296021 0.64495 0.64495 -0.64495 0.0357504 0.0357504 -0.0357504
2.06164 1.28374e-11 -0.00219727 0.645494 0.645494 -0.645494 0.0357805 0.0357805 -0.0357805
2.06202 1.35676e-11 0.00158691 0.646038 0.646038 -0.646038 0.0358106 0.0358106 -0.0358106
2.0624 1.43345e-11 0.00280762 0.646582 0.646582 -0.646582 0.0358406 0.0358406 -0.0358406
2.06278 1.51397e-11 0.00244141 0.647126 0.647126 -0.647126 0.0358708 0.0358708 -0.0358708
2.06316 1.59849e-11 0.00109863 0.647671 0.647671 -0.647671 0.0359009 0.0359009 -0.0359009
2.06354 1.68717e-11 0.00219727 0.648217 0.648217 -0.648217 0.0359311 0.0359311 -0.0359311
2.06392 1.7802e-11 0.00378418 0.648763 0.648763 -0.648763 0.0359613 0.0359613 -0.0359613
2.0643 1.87777e-11 0.000793457 0.649309 0.649309 -0.649309 0.0359915 0.0359915 -0.0359915
2.06468 1.98005e-11 -0.000213623 0.649855 0.649855 -0.649855 0.0360217 0.0360217 -0.0360217
2.06506 2.08726e-11 0.00274658 0.650402 0.650402 -0.650402 0.036052 0.036052 -0.036052
2.06544 2.1996e-11 0.00170898 0.65095 0.65095 -0.65095 0.0360823 0.0360823 -0.0360823
2.06582 2.31728e-11 -0.00143433 0.651498 0.651498 -0.651498 0.0361126 0.0361126 -0.0361126
2.0662 2.44053e-11 -0.00460815 0.652046 0.652046 -0.652046 0.0361429 0.0361429 -0.0361429
2.06658 2.56956e-11 0.000244141 0.652595 0.652595 -0.652595 0.0361732 0.0361732 -0.0361732
2.06696 2.70463e-11 0.0010376 0.653144 0.653144 -0.653144 0.0362036 0.0362036 -0.0362036
2.06734 2.84597e-11 -0.00424194 0.653693 0.653693 -0.653693 0.036234 0.036234 -0.036234
2.06772 2.99384e-11 0.000549316 0.654243 0.654243 -0.654243 0.0362644 0.0362644 -0.0362644
2.0681 3.1485e-11 -0.000793457 0.654794 0.654794 -0.654794 0.0362948 0.0362948 -0.0362948
2.06848 3.31022e-11 -0.00415039 0.655344 0.655344 -0.655344 0.0363253 0.0363253 -0.0363253
2.06886 3.47928e-11 0 0.655896 0.655896 -0.655896 0.0363558 0.0363558 -0.0363558
2.06924 3.65598e-11 0.0020752 0.656447 0.656447 -0.656447 0.0363863 0.0363863 -0.0363863
2.06962 3.8406e-11 -0.00289917 0.656999 0.656999 -0.656999 0.0364168 0.0364168 -0.0364168
2.07 4.03347e-11 -0.00137329 0.657551 0.657551 -0.657551 0.0364474 0.0364474 -0.0364474
2.07038 4.2349e-11 -0.000366211 0.658104 0.658104 -0.658104 0.0364779 0.0364779 -0.0364779
2.07076 4.44522e-11 0.00158691 0.658657 0.658657 -0.658657 0.0365085 0.0365085 -0.0365085
2.07114 4.66478e-11 0.00201416 0.659211 0.659211 -0.659211 0.0365392 0.0365392 -0.0365392
2.07152 4.89392e-11 -0.00265503 0.659765 0.659765 -0.659765 0.0365698 0.0365698 -0.0365698
2.0719 5.13302e-11 0.000244141 0.66032 0.66032 -0.66032 0.0366005 0.0366005 -0.0366005
2.07228 5.38244e-11 0.0020752 0.660874 0.660874 -0.660874 0.0366312 0.0366312 -0.0366312
2.07266 5.64257e-11 -0.00524902 0.66143 0.66143 -0.66143 0.0366619 0.0366619 -0.0366619
2.07304 5.91383e-11 0.00311279 0.661985 0.661985 -0.661985 0.0366926 0.0366926 -0.0366926
2.07342 6.19661e-11 0.00183105 0.662542 0.662542 -0.662542 0.0367234 0.0367234 -0.0367234
2.0738 6.49135e-11 0.00146484 0.663098 0.663098 -0.663098 0.0367541 0.0367541 -0.0367541
2.07418 6.79849e-11 0.00109863 0.663655 0.663655 -0.663655 0.0367849 0.0367849 -0.0367849
2.07456 7.11847e-11 -0.00280762 0.664212 0.664212 -0.664212 0.0368158 0.0368158 -0.0368158
2.07494 7.45178e-11 -0.00375366 0.66477 0.66477 -0.66477 0.0368466 0.0368466 -0.0368466
2.07532 7.79888e-11 -0.00219727 0.665328 0.665328 -0.665328 0.0368775 0.0368775 -0.0368775
2.0757 8.16028e-11 -0.00219727 0.665887 0.665887 -0.665887 0.0369084 0.0369084 -0.0369084
2.07608 8.5365e-11 -0.00119019 0.666446 0.666446 -0.666446 0.0369393 0.0369393 -0.0369393
2.07646 8.92805e-11 -0.00125122 0.667005 0.667005 -0.667005 0.0369702 0.0369702 -0.0369702
2.07684 9.33548e-11 0.00115967 0.667565 0.667565 -0.667565 0.0370012 0.0370012 -0.0370012
2.07722 9.75936e-11 -0.00250244 0.668126 0.668126 -0.668126 0.0370322 0.0370322 -0.0370322
2.0776 1.02003e-10 -0.00164795 0.668686 0.668686 -0.668686 0.0370632 0.0370632 -0.0370632
2.07798 1.06588e-10 0.00170898 0.669247 0.669247 -0.669247 0.0370942 0.0370942 -0.0370942
2.07836 1.11355e-10 -0.0015564 0.669809 0.669809 -0.669809 0.0371253 0.0371253 -0.0371253
2.07874 1.16311e-10 0.00427246 0.670371 0.670371 -0.670371 0.0371563 0.0371563 -0.0371563
2.07912 1.21463e-10 -0.00366211 0.670933 0.670933 -0.670933 0.0371874 0.0371874 -0.0371874
2.0795 1.26816e-10 -0.000946045 0.671496 0.671496 -0.671496 0.0372186 0.0372186 -0.0372186
2.07988 1.32377e-10 0.0022583 0.672059 0.672059 -0.672059 0.0372497 0.0372497 -0.0372497
2.08026 1.38155e-10 0.00384521 0.672623 0.672623 -0.672623 0.0372809 0.0372809 -0.0372809
2.08064 1.44156e-10 0.000915527 0.673187 0.673187 -0.673187 0.0373121 0.0373121 -0.0373121
2.08102 1.50387e-10 -0.00366211 0.673751 0.673751 -0.673751 0.0373433 0.0373433 -0.0373433
2.0814 1.56856e-10 0.000427246 0.674316 0.674316 -0.674316 0.0373745 0.0373745 -0.0373745
2.08178 1.63572e-10 -0.00265503 0.674881 0.674881 -0.674881 0.0374058 0.0374058 -0.0374058
2.08216 1.70542e-10 0.00183105 0.675447 0.675447 -0.675447 0.0374371 0.0374371 -0.0374371
2.08254 1.77774e-10 0.0022583 0.676013 0.676013 -0.676013 0.0374684 0.0374684 -0.0374684
2.08292 1.85278e-10 0.00262451 0.67658 0.67658 -0.67658 0.0374997 0.0374997 -0.0374997
2.0833 1.93063e-10 -0.00466919 0.677147 0.677147 -0.677147 0.0375311 0.0375311 -0.0375311
2.08368 2.01136e-10 0.00274658 0.677714 0.677714 -0.677714 0.0375625 0.0375625 -0.0375625
2.08406 2.09509e-10 -0.00256348 0.678282 0.678282 -0.678282 0.0375939 0.0375939 -0.0375939
2.08444 2.1819e-10 -0.00283813 0.67885 0.67885 -0.67885 0.0376253 0.0376253 -0.0376253
2.08482 2.27189e-10 0.00299072 0.679419 0.679419 -0.679419 0.0376567 0.0376567 -0.0376567
2.0852 2.36516e-10 -0.00143433 0.679988 0.679988 -0.679988 0.0376882 0.0376882 -0.0376882
2.08558 2.46183e-10 0.000732422 0.680558 0.680558 -0.680558 0.0377197 0.0377197 -0.0377197
2.08596 2.56199e-10 -0.000183105 0.681128 0.681128 -0.681128 0.0377512 0.0377512 -0.0377512
2.08634 2.66575e-10 -0.00570679 0.681698 0.681698 -0.681698 0.0377828 0.0377828 -0.0377828
2.08672 2.77324e-10 -0.00210571 0.682269 0.682269 -0.682269 0.0378143 0.0378143 -0.0378143
2.0871 2.88456e-10 -0.00415039 0.68284 0.68284 -0.68284 0.0378459 0.0378459 -0.0378459
2.08748 2.99983e-10 0.00653076 0.683412 0.683412 -0.683412 0.0378775 0.0378775 -0.0378775
2.08786 3.11918e-10 0.00439453 0.683984 0.683984 -0.683984 0.0379092 0.0379092 -0.0379092
2.08824 3.24274e-10 -0.00231934 0.684556 0.684556 -0.684556 0.0379408 0.0379408 -0.0379408
2.08862 3.37062e-10 -0.00247192 0.685129 0.685129 -0.685129 0.0379725 0.0379725 -0.0379725
2.089 3.50297e-10 0.003479 0.685703 0.685703 -0.685703 0.0380042 0.0380042 -0.0380042
2.08938 3.63992e-10 -0.000274658 0.686277 0.686277 -0.686277 0.0380359 0.0380359 -0.0380359
2.08976 3.7816e-10 -0.00204468 0.686851 0.686851 -0.686851 0.0380677 0.0380677 -0.0380677
2.09014 3.92817e-10 -0.000793457 0.687425 0.687425 -0.687425 0.0380995 0.0380995 -0.0380995
2.09052 4.07976e-10 0.00195312 0.688001 0.688001 -0.688 0.0381313 0.0381313 -0.0381313
2.0909 4.23654e-10 -0.000915527 0.688576 0.688576 -0.688576 0.0381631 0.0381631 -0.0381631
2.09128 4.39864e-10 -0.000793457 0.689152 0.689152 -0.689152 0.0381949 0.0381949 -0.0381949
2.09166 4.56624e-10 0.000366211 0.689728 0.689728 -0.689728 0.0382268 0.0382268 -0.0382268
2.09204 4.73949e-10 -0.00112915 0.690305 0.690305 -0.690305 0.0382587 0.0382587 -0.0382587
2.09242 4.91855e-10 0.00195312 0.690882 0.690882 -0.690882 0.0382906 0.0382906 -0.0382906
2.0928 5.10361e-10 0.00146484 0.69146 0.69146 -0.69146 0.0383226 0.0383226 -0.0383226
2.09318 5.29483e-10 0.000915527 0.692038 0.692038 -0.692038 0.0383545 0.0383545 -0.0383545
2.09356 5.49239e-10 -0.00219727 0.692616 0.692616 -0.692616 0.0383865 0.0383865 -0.0383865
2.09394 5.69648e-10 0.000732422 0.693195 0.693195 -0.693195 0.0384185 0.0384185 -0.0384185
2.09432 5.90727e-10 0.00268555 0.693775 0.693775 -0.693775 0.0384506 0.0384506 -0.0384506
2.0947 6.12498e-10 -0.00515747 0.694355 0.694355 -0.694355 0.0384826 0.0384826 -0.0384826
2.09508 6.34979e-10 0.00488281 0.694935 0.694935 -0.694935 0.0385147 0.0385147 -0.0385147
2.09546 6.5819e-10 0.0010376 0.695516 0.695516 -0.695516 0.0385468 0.0385468 -0.0385468
2.09584 6.82152e-10 0.00231934 0.696096 0.696096 -0.696096 0.0385789 0.0385789 -0.0385789
2.09622 7.06887e-10 -0.00515747 0.696678 0.696678 -0.696678 0.0386111 0.0386111 -0.0386111
2.0966 7.32416e-10 -0.00189209 0.69726 0.69726 -0.69726 0.0386433 0.0386433 -0.0386433
2.09698 7.58761e-10 0.000305176 0.697842 0.697842 -0.697842 0.0386755 0.0386755 -0.0386755
2.09736 7.85945e-10 0.000427246 0.698425 0.698425 -0.698425 0.0387077 0.0387077 -0.0387077
2.09774 8.13991e-10 -0.00311279 0.699008 0.699008 -0.699008 0.0387399 0.0387399 -0.0387399
2.09812 8.42924e-10 0.0020752 0.699592 0.699592 -0.699592 0.0387722 0.0387722 -0.0387722
2.0985 8.72767e-10 -0.00460815 0.700176 0.700176 -0.700176 0.0388045 0.0388045 -0.0388045
2.09888 9.03545e-10 0 0.700761 0.700761 -0.700761 0.0388368 0.0388368 -0.0388368
2.09926 9.35285e-10 -0.000579834 0.701346 0.701346 -0.701346 0.0388692 0.0388692 -0.0388692
2.09964 9.68012e-10 -0.00323486 0.701931 0.701931 -0.701931 0.0389015 0.0389015 -0.0389015
