7.91 -0.000729 -0.000729 5.3654e-12 -0.000729 -0.000729 7.8434e-13 -0.000729 -0.000729
7.91038 -0.000719805 -0.000719805 5.36578e-12 -0.000719805 -0.000719805 7.84388e-13 -0.000719805 -0.000719805
7.91076 -0.000710688 -0.000710688 5.36617e-12 -0.000710688 -0.000710688 7.84437e-13 -0.000710688 -0.000710688
7.91114 -0.000701647 -0.000701647 5.36655e-12 -0.000701647 -0.000701647 7.84485e-13 -0.000701647 -0.000701647
7.91152 -0.000692684 -0.000692684 5.36694e-12 -0.000692684 -0.000692684 7.84533e-13 -0.000692684 -0.000692684
7.9119 -0.000683798 -0.000683798 5.36732e-12 -0.000683798 -0.000683798 7.84581e-13 -0.000683798 -0.000683798
7.91228 -0.000674988 -0.000674988 5.36771e-12 -0.000674988 -0.000674988 7.8463e-13 -0.000674988 -0.000674988
7.91266 -0.000666254 -0.000666254 5.36809e-12 -0.000666254 -0.000666254 7.84678e-13 -0.000666254 -0.000666254
7.91304 -0.000657595 -0.000657595 5.36848e-12 -0.000657595 -0.000657595 7.84726e-13 -0.000657595 -0.000657595
7.91342 -0.000649012 -0.000649012 5.36886e-12 -0.000649012 -0.000649012 7.84774e-13 -0.000649012 -0.000649012
7.9138 -0.000640504 -0.000640504 5.36924e-12 -0.000640504 -0.000640504 7.84823e-13 -0.000640504 -0.000640504
7.91418 -0.000632071 -0.000632071 5.36963e-12 -0.000632071 -0.000632071 7.84871e-13 -0.000632071 -0.000632071
7.91456 -0.000623711 -0.000623711 5.37001e-12 -0.000623711 -0.000623711 7.84919e-13 -0.000623711 -0.000623711
7.91494 -0.000615426 -0.000615426 5.3704e-12 -0.000615426 -0.000615426 7.84967e-13 -0.000615426 -0.000615426
7.91532 -0.000607215 -0.000607215 5.37078e-12 -0.000607215 -0.000607215 7.85016e-13 -0.000607215 -0.000607215
7.9157 -0.000599077 -0.000599077 5.37117e-12 -0.000599077 -0.000599077 7.85064e-13 -0.000599077 -0.000599077
7.91608 -0.000591012 -0.000591012 5.37155e-12 -0.000591012 -0.000591012 7.85112e-13 -0.000591012 -0.000591012
7.91646 -0.00058302 -0.00058302 5.37194e-12 -0.00058302 -0.00058302 7.8516e-13 -0.00058302 -0.00058302
7.91684 -0.0005751 -0.0005751 5.37232e-12 -0.0005751 -0.0005751 7.85209e-13 -0.0005751 -0.0005751
7.91722 -0.000567252 -0.000567252 5.37271e-12 -0.000567252 -0.000567252 7.85257e-13 -0.000567252 -0.000567252
7.9176 -0.000559476 -0.000559476 5.37309e-12 -0.000559476 -0.000559476 7.85305e-13 -0.000559476 -0.000559476
7.91798 -0.000551772 -0.000551772 5.37348e-12 -0.000551772 -0.000551772 7.85354e-13 -0.000551772 -0.000551772
7.91836 -0.000544138 -0.000544138 5.37386e-12 -0.000544138 -0.000544138 7.85402e-13 -0.000544138 -0.000544138
7.91874 -0.000536575 -0.000536575 5.37425e-12 -0.000536575 -0.000536575 7.8545e-13 -0.000536575 -0.000536575
7.91912 -0.000529083 -0.000529083 5.37463e-12 -0.000529083 -0.000529083 7.85498e-13 -0.000529083 -0.000529083
7.9195 -0.00052166 -0.00052166 5.37502e-12 -0.00052166 -0.00052166 7.85547e-13 -0.00052166 -0.00052166
7.91988 -0.000514307 -0.000514307 5.3754e-12 -0.000514307 -0.000514307 7.85595e-13 -0.000514307 -0.000514307
7.92026 -0.000507024 -0.000507024 5.37579e-12 -0.000507024 -0.000507024 7.85643e-13 -0.000507024 -0.000507024
7.92064 -0.00049981 -0.00049981 5.37617e-12 -0.00049981 -0.00049981 7.85691e-13 -0.00049981 -0.00049981
7.92102 -0.000492665 -0.000492665 5.37656e-12 -0.000492665 -0.000492665 7.8574e-13 -0.000492665 -0.000492665
7.9214 -0.000485588 -0.000485588 5.37694e-12 -0.000485588 -0.000485588 7.85788e-13 -0.000485588 -0.000485588
7.92178 -0.000478579 -0.000478579 5.37733e-12 -0.000478579 -0.000478579 7.85836e-13 -0.000478579 -0.000478579
7.92216 -0.000471638 -0.000471638 5.37771e-12 -0.000471638 -0.000471638 7.85885e-13 -0.000471638 -0.000471638
7.92254 -0.000464764 -0.000464764 5.3781e-12 -0.000464764 -0.000464764 7.85933e-13 -0.000464764 -0.000464764
7.92292 -0.000457957 -0.000457957 5.37848e-12 -0.000457957 -0.000457957 7.85981e-13 -0.000457957 -0.000457957
7.9233 -0.000451218 -0.000451218 5.37887e-12 -0.000451218 -0.000451218 7.86029e-13 -0.000451218 -0.000451218
7.92368 -0.000444544 -0.000444544 5.37925e-12 -0.000444544 -0.000444544 7.86078e-13 -0.000444544 -0.000444544
7.92406 -0.000437937 -0.000437937 5.37964e-12 -0.000437937 -0.000437937 7.86126e-13 -0.000437937 -0.000437937
7.92444 -0.000431396 -0.000431396 5.38002e-12 -0.000431396 -0.000431396 7.86174e-13 -0.000431396 -0.000431396
7.92482 -0.00042492 -0.00042492 5.38041e-12 -0.00042492 -0.00042492 7.86223e-13 -0.00042492 -0.00042492
7.9252 -0.000418509 -0.000418509 5.38079e-12 -0.000418509 -0.000418509 7.86271e-13 -0.000418509 -0.000418509
7.92558 -0.000412163 -0.000412163 5.38118e-12 -0.000412163 -0.000412163 7.86319e-13 -0.000412163 -0.000412163
7.92596 -0.000405881 -0.000405881 5.38156e-12 -0.000405881 -0.000405881 7.86368e-13 -0.000405881 -0.000405881
7.92634 -0.000399664 -0.000399664 5.38195e-12 -0.000399664 -0.000399664 7.86416e-13 -0.000399664 -0.000399664
7.92672 -0.000393511 -0.000393511 5.38233e-12 -0.000393511 -0.000393511 7.86464e-13 -0.000393511 -0.000393511
7.9271 -0.00038742 -0.00038742 5.38272e-12 -0.00038742 -0.00038742 7.86512e-13 -0.00038742 -0.00038742
7.92748 -0.000381394 -0.000381394 5.3831e-12 -0.000381394 -0.000381394 7.86561e-13 -0.000381394 -0.000381394
7.92786 -0.00037543 -0.00037543 5.38349e-12 -0.00037543 -0.00037543 7.86609e-13 -0.00037543 -0.00037543
7.92824 -0.000369528 -0.000369528 5.38387e-12 -0.000369528 -0.000369528 7.86657e-13 -0.000369528 -0.000369528
7.92862 -0.000363689 -0.000363689 5.38426e-12 -0.000363689 -0.000363689 7.86706e-13 -0.000363689 -0.000363689
7.929 -0.000357911 -0.000357911 5.38464e-12 -0.000357911 -0.000357911 7.86754e-13 -0.000357911 -0.000357911
7.92938 -0.000352195 -0.000352195 5.38503e-12 -0.000352195 -0.000352195 7.86802e-13 -0.000352195 -0.000352195
7.92976 -0.00034654 -0.00034654 5.38541e-12 -0.00034654 -0.00034654 7.86851e-13 -0.00034654 -0.00034654
7.93014 -0.000340946 -0.000340946 5.3858e-12 -0.000340946 -0.000340946 7.86899e-13 -0.000340946 -0.000340946
7.93052 -0.000335413 -0.000335413 5.38619e-12 -0.000335413 -0.000335413 7.86947e-13 -0.000335413 -0.000335413
7.9309 -0.000329939 -0.000329939 5.38657e-12 -0.000329939 -0.000329939 7.86996e-13 -0.000329939 -0.000329939
7.93128 -0.000324526 -0.000324526 5.38696e-12 -0.000324526 -0.000324526 7.87044e-13 -0.000324526 -0.000324526
7.93166 -0.000319172 -0.000319172 5.38734e-12 -0.000319172 -0.000319172 7.87092e-13 -0.000319172 -0.000319172
7.93204 -0.000313877 -0.000313877 5.38773e-12 -0.000313877 -0.000313877 7.87141e-13 -0.000313877 -0.000313877
7.93242 -0.000308642 -0.000308642 5.38811e-12 -0.000308642 -0.000308642 7.87189e-13 -0.000308642 -0.000308642
7.9328 -0.000303464 -0.000303464 5.3885e-12 -0.000303464 -0.000303464 7.87237e-13 -0.000303464 -0.000303464
7.93318 -0.000298345 -0.000298345 5.38888e-12 -0.000298345 -0.000298345 7.87286e-13 -0.000298345 -0.000298345
7.93356 -0.000293284 -0.000293284 5.38927e-12 -0.000293284 -0.000293284 7.87334e-13 -0.000293284 -0.000293284
7.93394 -0.000288281 -0.000288281 5.38966e-12 -0.000288281 -0.000288281 7.87382e-13 -0.000288281 -0.000288281
7.93432 -0.000283334 -0.000283334 5.39004e-12 -0.000283334 -0.000283334 7.87431e-13 -0.000283334 -0.000283334
7.9347 -0.000278445 -0.000278445 5.39043e-12 -0.000278445 -0.000278445 7.87479e-13 -0.000278445 -0.000278445
7.93508 -0.000273612 -0.000273612 5.39081e-12 -0.000273612 -0.000273612 7.87527e-13 -0.000273612 -0.000273612
7.93546 -0.000268836 -0.000268836 5.3912e-12 -0.000268836 -0.000268836 7.87576e-13 -0.000268836 -0.000268836
7.93584 -0.000264115 -0.000264115 5.39158e-12 -0.000264115 -0.000264115 7.87624e-13 -0.000264115 -0.000264115
7.93622 -0.00025945 -0.00025945 5.39197e-12 -0.00025945 -0.00025945 7.87672e-13 -0.00025945 -0.00025945
7.9366 -0.00025484 -0.00025484 5.39236e-12 -0.00025484 -0.00025484 7.87721e-13 -0.00025484 -0.00025484
7.93698 -0.000250285 -0.000250285 5.39274e-12 -0.000250285 -0.000250285 7.87769e-13 -0.000250285 -0.000250285
7.93736 -0.000245785 -0.000245785 5.39313e-12 -0.000245785 -0.000245785 7.87817e-13 -0.000245785 -0.000245785
7.93774 -0.000241339 -0.000241339 5.39351e-12 -0.000241339 -0.000241339 7.87866e-13 -0.000241339 -0.000241339
7.93812 -0.000236947 -0.000236947 5.3939e-12 -0.000236947 -0.000236947 7.87914e-13 -0.000236947 -0.000236947
7.9385 -0.000232608 -0.000232608 5.39428e-12 -0.000232608 -0.000232608 7.87962e-13 -0.000232608 -0.000232608
7.93888 -0.000228323 -0.000228323 5.39467e-12 -0.000228323 -0.000228323 7.88011e-13 -0.000228323 -0.000228323
7.93926 -0.000224091 -0.000224091 5.39506e-12 -0.000224091 -0.000224091 7.88059e-13 -0.000224091 -0.000224091
7.93964 -0.000219911 -0.000219911 5.39544e-12 -0.000219911 -0.000219911 7.88107e-13 -0.000219911 -0.000219911
7.94002 -0.000215784 -0.000215784 5.39583e-12 -0.000215784 -0.000215784 7.88156e-13 -0.000215784 -0.000215784
7.9404 -0.000211709 -0.000211709 5.39621e-12 -0.000211709 -0.000211709 7.88204e-13 -0.000211709 -0.000211709
7.94078 -0.000207685 -0.000207685 5.3966e-12 -0.000207685 -0.000207685 7.88252e-13 -0.000207685 -0.000207685
7.94116 -0.000203713 -0.000203713 5.39699e-12 -0.000203713 -0.000203713 7.88301e-13 -0.000203713 -0.000203713
7.94154 -0.000199791 -0.000199791 5.39737e-12 -0.000199791 -0.000199791 7.88349e-13 -0.000199791 -0.000199791
7.94192 -0.00019592 -0.00019592 5.39776e-12 -0.00019592 -0.00019592 7.88398e-13 -0.00019592 -0.00019592
7.9423 -0.0001921 -0.0001921 5.39814e-12 -0.0001921 -0.0001921 7.88446e-13 -0.0001921 -0.0001921
7.94268 -0.00018833 -0.00018833 5.39853e-12 -0.00018833 -0.00018833 7.88494e-13 -0.00018833 -0.00018833
7.94306 -0.000184609 -0.000184609 5.39892e-12 -0.000184609 -0.000184609 7.88543e-13 -0.000184609 -0.000184609
7.94344 -0.000180937 -0.000180937 5.3993e-12 -0.000180937 -0.000180937 7.88591e-13 -0.000180937 -0.000180937
7.94382 -0.000177315 -0.000177315 5.39969e-12 -0.000177315 -0.000177315 7.88639e-13 -0.000177315 -0.000177315
7.9442 -0.000173741 -0.000173741 5.40007e-12 -0.000173741 -0.000173741 7.88688e-13 -0.000173741 -0.000173741
7.94458 -0.000170216 -0.000170216 5.40046e-12 -0.000170216 -0.000170216 7.88736e-13 -0.000170216 -0.000170216
7.94496 -0.000166738 -0.000166738 5.40085e-12 -0.000166738 -0.000166738 7.88785e-13 -0.000166738 -0.000166738
7.94534 -0.000163309 -0.000163309 5.40123e-12 -0.000163309 -0.000163309 7.88833e-13 -0.000163309 -0.000163309
7.94572 -0.000159926 -0.000159926 5.40162e-12 -0.000159926 -0.000159926 7.88881e-13 -0.000159926 -0.000159926
7.9461 -0.000156591 -0.000156591 5.402e-12 -0.000156591 -0.000156591 7.8893e-13 -0.000156591 -0.000156591
7.94648 -0.000153302 -0.000153302 5.40239e-12 -0.000153302 -0.000153302 7.88978e-13 -0.000153302 -0.000153302
7.94686 -0.00015006 -0.00015006 5.40278e-12 -0.00015006 -0.00015006 7.89026e-13 -0.00015006 -0.00015006
7.94724 -0.000146864 -0.000146864 5.40316e-12 -0.000146864 -0.000146864 7.89075e-13 -0.000146864 -0.000146864
7.94762 -0.000143713 -0.000143713 5.40355e-12 -0.000143713 -0.000143713 7.89123e-13 -0.000143713 -0.000143713
7.948 -0.000140608 -0.000140608 5.40394e-12 -0.000140608 -0.000140608 7.89172e-13 -0.000140608 -0.000140608
7.94838 -0.000137548 -0.000137548 5.40432e-12 -0.000137548 -0.000137548 7.8922e-13 -0.000137548 -0.000137548
7.94876 -0.000134533 -0.000134533 5.40471e-12 -0.000134533 -0.000134533 7.89268e-13 -0.000134533 -0.000134533
7.94914 -0.000131562 -0.000131562 5.40509e-12 -0.000131562 -0.000131562 7.89317e-13 -0.000131562 -0.000131562
7.94952 -0.000128635 -0.000128635 5.40548e-12 -0.000128635 -0.000128635 7.89365e-13 -0.000128635 -0.000128635
7.9499 -0.000125752 -0.000125752 5.40587e-12 -0.000125751 -0.000125752 7.89414e-13 -0.000125752 -0.000125752
7.95028 -0.000122912 -0.000122912 5.40625e-12 -0.000122912 -0.000122912 7.89462e-13 -0.000122912 -0.000122912
7.95066 -0.000120115 -0.000120115 5.40664e-12 -0.000120115 -0.000120115 7.8951e-13 -0.000120115 -0.000120115
7.95104 -0.000117361 -0.000117361 5.40703e-12 -0.000117361 -0.000117361 7.89559e-13 -0.000117361 -0.000117361
7.95142 -0.00011465 -0.00011465 5.40741e-12 -0.00011465 -0.00011465 7.89607e-13 -0.00011465 -0.00011465
7.9518 -0.00011198 -0.00011198 5.4078e-12 -0.00011198 -0.00011198 7.89656e-13 -0.00011198 -0.00011198
7.95218 -0.000109352 -0.000109352 5.40819e-12 -0.000109352 -0.000109353 7.89704e-13 -0.000109352 -0.000109353
7.95256 -0.000106766 -0.000106766 5.40857e-12 -0.000106766 -0.000106766 7.89752e-13 -0.000106766 -0.000106766
7.95294 -0.000104221 -0.000104221 5.40896e-12 -0.000104221 -0.000104221 7.89801e-13 -0.000104221 -0.000104221
7.95332 -0.000101717 -0.000101717 5.40935e-12 -0.000101717 -0.000101717 7.89849e-13 -0.000101717 -0.000101717
7.9537 -9.92528e-05 -9.92528e-05 5.40973e-12 -9.92528e-05 -9.92529e-05 7.89898e-13 -9.92528e-05 -9.92528e-05
7.95408 -9.6829e-05 -9.6829e-05 5.41012e-12 -9.6829e-05 -9.6829e-05 7.89946e-13 -9.6829e-05 -9.6829e-05
7.95446 -9.4445e-05 -9.4445e-05 5.41051e-12 -9.4445e-05 -9.4445e-05 7.89994e-13 -9.4445e-05 -9.4445e-05
7.95484 -9.21005e-05 -9.21005e-05 5.41089e-12 -9.21005e-05 -9.21005e-05 7.90043e-13 -9.21005e-05 -9.21005e-05
7.95522 -8.9795e-05 -8.9795e-05 5.41128e-12 -8.9795e-05 -8.9795e-05 7.90091e-13 -8.9795e-05 -8.9795e-05
7.9556 -8.75284e-05 -8.75284e-05 5.41166e-12 -8.75284e-05 -8.75284e-05 7.9014e-13 -8.75284e-05 -8.75284e-05
7.95598 -8.53002e-05 -8.53002e-05 5.41205e-12 -8.53002e-05 -8.53002e-05 7.90188e-13 -8.53002e-05 -8.53002e-05
7.95636 -8.31102e-05 -8.31102e-05 5.41244e-12 -8.31102e-05 -8.31102e-05 7.90237e-13 -8.31102e-05 -8.31102e-05
7.95674 -8.0958e-05 -8.0958e-05 5.41282e-12 -8.0958e-05 -8.0958e-05 7.90285e-13 -8.0958e-05 -8.0958e-05
7.95712 -7.88432e-05 -7.88432e-05 5.41321e-12 -7.88432e-05 -7.88432e-05 7.90333e-13 -7.88432e-05 -7.88432e-05
7.9575 -7.67656e-05 -7.67656e-05 5.4136e-12 -7.67656e-05 -7.67656e-05 7.90382e-13 -7.67656e-05 -7.67656e-05
7.95788 -7.47249e-05 -7.47249e-05 5.41399e-12 -7.47249e-05 -7.47249e-05 7.9043e-13 -7.47249e-05 -7.47249e-05
7.95826 -7.27206e-05 -7.27206e-05 5.41437e-12 -7.27206e-05 -7.27206e-05 7.90479e-13 -7.27206e-05 -7.27206e-05
7.95864 -7.07525e-05 -7.07525e-05 5.41476e-12 -7.07525e-05 -7.07525e-05 7.90527e-13 -7.07525e-05 -7.07525e-05
7.95902 -6.88202e-05 -6.88202e-05 5.41515e-12 -6.88202e-05 -6.88202e-05 7.90576e-13 -6.88202e-05 -6.88202e-05
7.9594 -6.69234e-05 -6.69234e-05 5.41553e-12 -6.69234e-05 -6.69234e-05 7.90624e-13 -6.69234e-05 -6.69234e-05
7.95978 -6.50618e-05 -6.50618e-05 5.41592e-12 -6.50618e-05 -6.50618e-05 7.90672e-13 -6.50618e-05 -6.50618e-05
7.96016 -6.32351e-05 -6.32351e-05 5.41631e-12 -6.32351e-05 -6.32351e-05 7.90721e-13 -6.32351e-05 -6.32351e-05
7.96054 -6.14428e-05 -6.14428e-05 5.41669e-12 -6.14428e-05 -6.14428e-05 7.90769e-13 -6.14428e-05 -6.14428e-05
7.96092 -5.96848e-05 -5.96848e-05 5.41708e-12 -5.96848e-05 -5.96848e-05 7.90818e-13 -5.96848e-05 -5.96848e-05
7.9613 -5.79606e-05 -5.79606e-05 5.41747e-12 -5.79606e-05 -5.79606e-05 7.90866e-13 -5.79606e-05 -5.79606e-05
7.96168 -5.62699e-05 -5.62699e-05 5.41785e-12 -5.62699e-05 -5.627e-05 7.90915e-13 -5.62699e-05 -5.62699e-05
7.96206 -5.46125e-05 -5.46125e-05 5.41824e-12 -5.46125e-05 -5.46125e-05 7.90963e-13 -5.46125e-05 -5.46125e-05
7.96244 -5.29879e-05 -5.29879e-05 5.41863e-12 -5.29879e-05 -5.29879e-05 7.91012e-13 -5.29879e-05 -5.29879e-05
7.96282 -5.13959e-05 -5.13959e-05 5.41901e-12 -5.13959e-05 -5.13959e-05 7.9106e-13 -5.13959e-05 -5.13959e-05
7.9632 -4.9836e-05 -4.9836e-05 5.4194e-12 -4.9836e-05 -4.9836e-05 7.91108e-13 -4.9836e-05 -4.9836e-05
7.96358 -4.83081e-05 -4.83081e-05 5.41979e-12 -4.83081e-05 -4.83081e-05 7.91157e-13 -4.83081e-05 -4.83081e-05
7.96396 -4.68117e-05 -4.68117e-05 5.42018e-12 -4.68117e-05 -4.68117e-05 7.91205e-13 -4.68117e-05 -4.68117e-05
7.96434 -4.53465e-05 -4.53465e-05 5.42056e-12 -4.53465e-05 -4.53465e-05 7.91254e-13 -4.53465e-05 -4.53465e-05
7.96472 -4.39123e-05 -4.39123e-05 5.42095e-12 -4.39122e-05 -4.39123e-05 7.91302e-13 -4.39123e-05 -4.39123e-05
7.9651 -4.25085e-05 -4.25085e-05 5.42134e-12 -4.25085e-05 -4.25086e-05 7.91351e-13 -4.25085e-05 -4.25085e-05
7.96548 -4.11351e-05 -4.11351e-05 5.42172e-12 -4.11351e-05 -4.11351e-05 7.91399e-13 -4.11351e-05 -4.11351e-05
7.96586 -3.97915e-05 -3.97915e-05 5.42211e-12 -3.97915e-05 -3.97915e-05 7.91448e-13 -3.97915e-05 -3.97915e-05
7.96624 -3.84775e-05 -3.84775e-05 5.4225e-12 -3.84775e-05 -3.84775e-05 7.91496e-13 -3.84775e-05 -3.84775e-05
7.96662 -3.71928e-05 -3.71928e-05 5.42289e-12 -3.71928e-05 -3.71928e-05 7.91545e-13 -3.71928e-05 -3.71928e-05
7.967 -3.5937e-05 -3.5937e-05 5.42327e-12 -3.5937e-05 -3.5937e-05 7.91593e-13 -3.5937e-05 -3.5937e-05
7.96738 -3.47098e-05 -3.47098e-05 5.42366e-12 -3.47098e-05 -3.47098e-05 7.91642e-13 -3.47098e-05 -3.47098e-05
7.96776 -3.35108e-05 -3.35108e-05 5.42405e-12 -3.35108e-05 -3.35108e-05 7.9169e-13 -3.35108e-05 -3.35108e-05
7.96814 -3.23398e-05 -3.23398e-05 5.42443e-12 -3.23398e-05 -3.23398e-05 7.91738e-13 -3.23398e-05 -3.23398e-05
7.96852 -3.11964e-05 -3.11964e-05 5.42482e-12 -3.11964e-05 -3.11964e-05 7.91787e-13 -3.11964e-05 -3.11964e-05
7.9689 -3.00802e-05 -3.00802e-05 5.42521e-12 -3.00802e-05 -3.00802e-05 7.91835e-13 -3.00802e-05 -3.00802e-05
7.96928 -2.8991e-05 -2.8991e-05 5.4256e-12 -2.8991e-05 -2.8991e-05 7.91884e-13 -2.8991e-05 -2.8991e-05
7.96966 -2.79284e-05 -2.79284e-05 5.42598e-12 -2.79284e-05 -2.79284e-05 7.91932e-13 -2.79284e-05 -2.79284e-05
7.97004 -2.68921e-05 -2.68921e-05 5.42637e-12 -2.68921e-05 -2.68921e-05 7.91981e-13 -2.68921e-05 -2.68921e-05
7.97042 -2.58818e-05 -2.58818e-05 5.42676e-12 -2.58818e-05 -2.58818e-05 7.92029e-13 -2.58818e-05 -2.58818e-05
7.9708 -2.48971e-05 -2.48971e-05 5.42715e-12 -2.48971e-05 -2.48971e-05 7.92078e-13 -2.48971e-05 -2.48971e-05
7.97118 -2.39377e-05 -2.39377e-05 5.42753e-12 -2.39377e-05 -2.39377e-05 7.92126e-13 -2.39377e-05 -2.39377e-05
7.97156 -2.30032e-05 -2.30032e-05 5.42792e-12 -2.30032e-05 -2.30032e-05 7.92175e-13 -2.30032e-05 -2.30032e-05
7.97194 -2.20934e-05 -2.20934e-05 5.42831e-12 -2.20934e-05 -2.20934e-05 7.92223e-13 -2.20934e-05 -2.20934e-05
7.97232 -2.12079e-05 -2.12079e-05 5.4287e-12 -2.12079e-05 -2.12079e-05 7.92272e-13 -2.12079e-05 -2.12079e-05
7.9727 -2.03464e-05 -2.03464e-05 5.42908e-12 -2.03464e-05 -2.03464e-05 7.9232e-13 -2.03464e-05 -2.03464e-05
7.97308 -1.95086e-05 -1.95086e-05 5.42947e-12 -1.95086e-05 -1.95086e-05 7.92369e-13 -1.95086e-05 -1.95086e-05
7.97346 -1.8694e-05 -1.8694e-05 5.42986e-12 -1.8694e-05 -1.8694e-05 7.92417e-13 -1.8694e-05 -1.8694e-05
7.97384 -1.79025e-05 -1.79025e-05 5.43025e-12 -1.79025e-05 -1.79025e-05 7.92466e-13 -1.79025e-05 -1.79025e-05
7.97422 -1.71336e-05 -1.71336e-05 5.43063e-12 -1.71336e-05 -1.71336e-05 7.92514e-13 -1.71336e-05 -1.71336e-05
7.9746 -1.63871e-05 -1.63871e-05 5.43102e-12 -1.63871e-05 -1.63871e-05 7.92563e-13 -1.63871e-05 -1.63871e-05
7.97498 -1.56625e-05 -1.56625e-05 5.43141e-12 -1.56625e-05 -1.56625e-05 7.92611e-13 -1.56625e-05 -1.56625e-05
7.97536 -1.49597e-05 -1.49597e-05 5.4318e-12 -1.49597e-05 -1.49597e-05 7.9266e-13 -1.49597e-05 -1.49597e-05
7.97574 -1.42782e-05 -1.42782e-05 5.43218e-12 -1.42782e-05 -1.42782e-05 7.92708e-13 -1.42782e-05 -1.42782e-05
7.97612 -1.36177e-05 -1.36177e-05 5.43257e-12 -1.36177e-05 -1.36177e-05 7.92757e-13 -1.36177e-05 -1.36177e-05
7.9765 -1.29779e-05 -1.29779e-05 5.43296e-12 -1.29779e-05 -1.29779e-05 7.92805e-13 -1.29779e-05 -1.29779e-05
7.97688 -1.23584e-05 -1.23584e-05 5.43335e-12 -1.23584e-05 -1.23584e-05 7.92854e-13 -1.23584e-05 -1.23584e-05
7.97726 -1.1759e-05 -1.1759e-05 5.43373e-12 -1.1759e-05 -1.1759e-05 7.92902e-13 -1.1759e-05 -1.1759e-05
7.97764 -1.11793e-05 -1.11793e-05 5.43412e-12 -1.11793e-05 -1.11793e-05 7.92951e-13 -1.11793e-05 -1.11793e-05
7.97802 -1.0619e-05 -1.0619e-05 5.43451e-12 -1.0619e-05 -1.0619e-05 7.92999e-13 -1.0619e-05 -1.0619e-05
7.9784 -1.00777e-05 -1.00777e-05 5.4349e-12 -1.00777e-05 -1.00777e-05 7.93048e-13 -1.00777e-05 -1.00777e-05
7.97878 -9.55512e-06 -9.55512e-06 5.43529e-12 -9.55511e-06 -9.55513e-06 7.93096e-13 -9.55512e-06 -9.55512e-06
7.97916 -9.05093e-06 -9.05093e-06 5.43567e-12 -9.05092e-06 -9.05093e-06 7.93145e-13 -9.05093e-06 -9.05093e-06
7.97954 -8.56479e-06 -8.56479e-06 5.43606e-12 -8.56479e-06 -8.5648e-06 7.93193e-13 -8.56479e-06 -8.56479e-06
7.97992 -8.09638e-06 -8.09638e-06 5.43645e-12 -8.09638e-06 -8.09639e-06 7.93242e-13 -8.09638e-06 -8.09639e-06
7.9803 -7.64537e-06 -7.64537e-06 5.43684e-12 -7.64537e-06 -7.64538e-06 7.9329e-13 -7.64537e-06 -7.64537e-06
7.98068 -7.21143e-06 -7.21143e-06 5.43722e-12 -7.21142e-06 -7.21144e-06 7.93339e-13 -7.21143e-06 -7.21143e-06
7.98106 -6.79422e-06 -6.79422e-06 5.43761e-12 -6.79422e-06 -6.79423e-06 7.93387e-13 -6.79422e-06 -6.79423e-06
7.98144 -6.39343e-06 -6.39343e-06 5.438e-12 -6.39342e-06 -6.39344e-06 7.93436e-13 -6.39343e-06 -6.39343e-06
7.98182 -6.00872e-06 -6.00872e-06 5.43839e-12 -6.00871e-06 -6.00872e-06 7.93484e-13 -6.00871e-06 -6.00872e-06
7.9822 -5.63975e-06 -5.63975e-06 5.43878e-12 -5.63975e-06 -5.63976e-06 7.93533e-13 -5.63975e-06 -5.63975e-06
7.98258 -5.28621e-06 -5.28621e-06 5.43916e-12 -5.28621e-06 -5.28622e-06 7.93582e-13 -5.28621e-06 -5.28621e-06
7.98296 -4.94776e-06 -4.94776e-06 5.43955e-12 -4.94776e-06 -4.94777e-06 7.9363e-13 -4.94776e-06 -4.94776e-06
7.98334 -4.62408e-06 -4.62408e-06 5.43994e-12 -4.62407e-06 -4.62408e-06 7.93679e-13 -4.62408e-06 -4.62408e-06
7.98372 -4.31483e-06 -4.31483e-06 5.44033e-12 -4.31482e-06 -4.31483e-06 7.93727e-13 -4.31482e-06 -4.31483e-06
7.9841 -4.01968e-06 -4.01968e-06 5.44072e-12 -4.01967e-06 -4.01968e-06 7.93776e-13 -4.01968e-06 -4.01968e-06
7.98448 -3.73831e-06 -3.73831e-06 5.4411e-12 -3.7383e-06 -3.73831e-06 7.93824e-13 -3.73831e-06 -3.73831e-06
7.98486 -3.47038e-06 -3.47038e-06 5.44149e-12 -3.47038e-06 -3.47039e-06 7.93873e-13 -3.47038e-06 -3.47039e-06
7.98524 -3.21558e-06 -3.21558e-06 5.44188e-12 -3.21557e-06 -3.21558e-06 7.93921e-13 -3.21558e-06 -3.21558e-06
7.98562 -2.97356e-06 -2.97356e-06 5.44227e-12 -2.97355e-06 -2.97357e-06 7.9397e-13 -2.97356e-06 -2.97356e-06
7.986 -2.744e-06 -2.744e-06 5.44266e-12 -2.74399e-06 -2.74401e-06 7.94018e-13 -2.744e-06 -2.744e-06
7.98638 -2.52657e-06 -2.52657e-06 5.44304e-12 -2.52656e-06 -2.52658e-06 7.94067e-13 -2.52657e-06 -2.52657e-06
7.98676 -2.32094e-06 -2.32094e-06 5.44343e-12 -2.32093e-06 -2.32095e-06 7.94115e-13 -2.32094e-06 -2.32094e-06
7.98714 -2.12678e-06 -2.12678e-06 5.44382e-12 -2.12678e-06 -2.12679e-06 7.94164e-13 -2.12678e-06 -2.12678e-06
7.98752 -1.94376e-06 -1.94377e-06 5.44421e-12 -1.94376e-06 -1.94377e-06 7.94213e-13 -1.94376e-06 -1.94377e-06
7.9879 -1.77156e-06 -1.77156e-06 5.4446e-12 -1.77156e-06 -1.77157e-06 7.94261e-13 -1.77156e-06 -1.77156e-06
7.98828 -1.60984e-06 -1.60984e-06 5.44499e-12 -1.60984e-06 -1.60985e-06 7.9431e-13 -1.60984e-06 -1.60984e-06
7.98866 -1.45827e-06 -1.45827e-06 5.44537e-12 -1.45827e-06 -1.45828e-06 7.94358e-13 -1.45827e-06 -1.45827e-06
7.98904 -1.31653e-06 -1.31653e-06 5.44576e-12 -1.31653e-06 -1.31654e-06 7.94407e-13 -1.31653e-06 -1.31653e-06
7.98942 -1.18429e-06 -1.18429e-06 5.44615e-12 -1.18428e-06 -1.18429e-06 7.94455e-13 -1.18429e-06 -1.18429e-06
7.9898 -1.06121e-06 -1.06121e-06 5.44654e-12 -1.0612e-06 -1.06121e-06 7.94504e-13 -1.06121e-06 -1.06121e-06
7.99018 -9.46966e-07 -9.46966e-07 5.44693e-12 -9.46961e-07 -9.46972e-07 7.94552e-13 -9.46965e-07 -9.46967e-07
7.99056 -8.41232e-07 -8.41232e-07 5.44732e-12 -8.41227e-07 -8.41238e-07 7.94601e-13 -8.41232e-07 -8.41233e-07
7.99094 -7.43677e-07 -7.43677e-07 5.4477e-12 -7.43672e-07 -7.43683e-07 7.9465e-13 -7.43677e-07 -7.43678e-07
7.99132 -6.53972e-07 -6.53972e-07 5.44809e-12 -6.53967e-07 -6.53977e-07 7.94698e-13 -6.53971e-07 -6.53973e-07
7.9917 -5.71787e-07 -5.71787e-07 5.44848e-12 -5.71782e-07 -5.71792e-07 7.94747e-13 -5.71786e-07 -5.71788e-07
7.99208 -4.96793e-07 -4.96793e-07 5.44887e-12 -4.96788e-07 -4.96799e-07 7.94795e-13 -4.96792e-07 -4.96794e-07
7.99246 -4.28661e-07 -4.28661e-07 5.44926e-12 -4.28656e-07 -4.28667e-07 7.94844e-13 -4.2866e-07 -4.28662e-07
7.99284 -3.67062e-07 -3.67062e-07 5.44965e-12 -3.67056e-07 -3.67067e-07 7.94892e-13 -3.67061e-07 -3.67062e-07
7.99322 -3.11666e-07 -3.11666e-07 5.45003e-12 -3.1166e-07 -3.11671e-07 7.94941e-13 -3.11665e-07 -3.11667e-07
7.9936 -2.62144e-07 -2.62144e-07 5.45042e-12 -2.62139e-07 -2.62149e-07 7.9499e-13 -2.62143e-07 -2.62145e-07
7.99398 -2.18167e-07 -2.18167e-07 5.45081e-12 -2.18162e-07 -2.18173e-07 7.95038e-13 -2.18166e-07 -2.18168e-07
7.99436 -1.79406e-07 -1.79406e-07 5.4512e-12 -1.79401e-07 -1.79412e-07 7.95087e-13 -1.79405e-07 -1.79407e-07
7.99474 -1.45532e-07 -1.45532e-07 5.45159e-12 -1.45526e-07 -1.45537e-07 7.95135e-13 -1.45531e-07 -1.45532e-07
7.99512 -1.16214e-07 -1.16214e-07 5.45198e-12 -1.16209e-07 -1.1622e-07 7.95184e-13 -1.16213e-07 -1.16215e-07
7.9955 -9.1125e-08 -9.11249e-08 5.45237e-12 -9.11195e-08 -9.11305e-08 7.95232e-13 -9.11242e-08 -9.11258e-08
7.99588 -6.99345e-08 -6.99346e-08 5.45275e-12 -6.99291e-08 -6.994e-08 7.95281e-13 -6.99337e-08 -6.99353e-08
7.99626 -5.23136e-08 -5.23136e-08 5.45314e-12 -5.23082e-08 -5.23191e-08 7.9533e-13 -5.23128e-08 -5.23144e-08
7.99664 -3.79331e-08 -3.79331e-08 5.45353e-12 -3.79276e-08 -3.79385e-08 7.95378e-13 -3.79323e-08 -3.79339e-08
7.99702 -2.64636e-08 -2.64636e-08 5.45392e-12 -2.64581e-08 -2.6469e-08 7.95427e-13 -2.64628e-08 -2.64644e-08
7.9974 -1.7576e-08 -1.7576e-08 5.45431e-12 -1.75705e-08 -1.75815e-08 7.95475e-13 -1.75752e-08 -1.75768e-08
7.99778 -1.0941e-08 -1.09411e-08 5.4547e-12 -1.09356e-08 -1.09465e-08 7.95524e-13 -1.09403e-08 -1.09418e-08
7.99816 -6.2295e-09 -6.22953e-09 5.45509e-12 -6.22405e-09 -6.23496e-09 7.95573e-13 -6.22871e-09 -6.2303e-09
7.99854 -3.11214e-09 -3.11212e-09 5.45547e-12 -3.10668e-09 -3.11759e-09 7.95621e-13 -3.11134e-09 -3.11293e-09
7.99892 -1.25971e-09 -1.25976e-09 5.45586e-12 -1.25426e-09 -1.26517e-09 7.9567e-13 -1.25892e-09 -1.26051e-09
7.9993 -3.43e-10 -3.42936e-10 5.45625e-12 -3.37544e-10 -3.48456e-10 7.95718e-13 -3.42204e-10 -3.43796e-10
7.99968 -3.2768e-11 -3.27987e-11 5.45664e-12 -2.73114e-11 -3.82246e-11 7.95767e-13 -3.19722e-11 -3.35638e-11
8.00006 2.16e-13 2.27374e-13 5.45703e-12 5.67303e-12 -5.24103e-12 7.95816e-13 1.01182e-12 -5.79816e-13
8.00044 8.5184e-11 8.50378e-11 5.45742e-12 9.06414e-11 7.97266e-11 7.95864e-13 8.59799e-11 8.43881e-11
8.00082 5.51368e-10 5.51381e-10 5.45781e-12 5.56826e-10 5.4591e-10 7.95913e-13 5.52164e-10 5.50572e-10
8.0012 1.728e-09 1.72804e-09 5.4582e-12 1.73346e-09 1.72254e-09 7.95961e-13 1.7288e-09 1.7272e-09
8.00158 3.94431e-09 3.94425e-09 5.45858e-12 3.94977e-09 3.93885e-09 7.9601e-13 3.94511e-09 3.94352e-09
8.00196 7.52954e-09 7.52959e-09 5.45897e-12 7.53499e-09 7.52408e-09 7.96059e-13 7.53033e-09 7.52874e-09
8.00234 1.28129e-08 1.2813e-08 5.45936e-12 1.28184e-08 1.28074e-08 7.96107e-13 1.28137e-08 1.28121e-08
8.00272 2.01236e-08 2.01236e-08 5.45975e-12 2.01291e-08 2.01182e-08 7.96156e-13 2.01244e-08 2.01229e-08
8.0031 2.9791e-08 2.97911e-08 5.46014e-12 2.97965e-08 2.97855e-08 7.96204e-13 2.97918e-08 2.97902e-08
8.00348 4.21442e-08 4.21443e-08 5.46053e-12 4.21497e-08 4.21387e-08 7.96253e-13 4.2145e-08 4.21434e-08
8.00386 5.75125e-08 5.75124e-08 5.46092e-12 5.75179e-08 5.7507e-08 7.96302e-13 5.75133e-08 5.75117e-08
8.00424 7.6225e-08 7.62251e-08 5.46131e-12 7.62305e-08 7.62196e-08 7.9635e-13 7.62258e-08 7.62242e-08
8.00462 9.86111e-08 9.86112e-08 5.4617e-12 9.86166e-08 9.86057e-08 7.96399e-13 9.86119e-08 9.86103e-08
8.005 1.25e-07 1.25e-07 5.46209e-12 1.25005e-07 1.24995e-07 7.96447e-13 1.25001e-07 1.24999e-07
8.00538 1.55721e-07 1.55721e-07 5.46247e-12 1.55726e-07 1.55715e-07 7.96496e-13 1.55722e-07 1.5572e-07
8.00576 1.91103e-07 1.91103e-07 5.46286e-12 1.91108e-07 1.91098e-07 7.96545e-13 1.91104e-07 1.91102e-07
8.00614 2.31476e-07 2.31475e-07 5.46325e-12 2.31481e-07 2.3147e-07 7.96593e-13 2.31476e-07 2.31475e-07
8.00652 2.77168e-07 2.77168e-07 5.46364e-12 2.77173e-07 2.77162e-07 7.96642e-13 2.77169e-07 2.77167e-07
8.0069 3.28509e-07 3.28509e-07 5.46403e-12 3.28514e-07 3.28504e-07 7.96691e-13 3.2851e-07 3.28508e-07
8.00728 3.85828e-07 3.85828e-07 5.46442e-12 3.85834e-07 3.85823e-07 7.96739e-13 3.85829e-07 3.85828e-07
8.00766 4.49455e-07 4.49455e-07 5.46481e-12 4.49461e-07 4.4945e-07 7.96788e-13 4.49456e-07 4.49454e-07
8.00804 5.19718e-07 5.19718e-07 5.4652e-12 5.19724e-07 5.19713e-07 7.96837e-13 5.19719e-07 5.19718e-07
8.00842 5.96948e-07 5.96948e-07 5.46559e-12 5.96953e-07 5.96942e-07 7.96885e-13 5.96948e-07 5.96947e-07
8.0088 6.81472e-07 6.81472e-07 5.46598e-12 6.81477e-07 6.81467e-07 7.96934e-13 6.81473e-07 6.81471e-07
8.00918 7.73621e-07 7.73621e-07 5.46637e-12 7.73626e-07 7.73615e-07 7.96982e-13 7.73621e-07 7.7362e-07
8.00956 8.73723e-07 8.73723e-07 5.46676e-12 8.73728e-07 8.73717e-07 7.97031e-13 8.73724e-07 8.73722e-07
8.00994 9.82108e-07 9.82108e-07 5.46714e-12 9.82113e-07 9.82102e-07 7.9708e-13 9.82109e-07 9.82107e-07
8.01032 1.0991e-06 1.0991e-06 5.46753e-12 1.09911e-06 1.0991e-06 7.97128e-13 1.09911e-06 1.0991e-06
8.0107 1.22504e-06 1.22504e-06 5.46792e-12 1.22505e-06 1.22504e-06 7.97177e-13 1.22504e-06 1.22504e-06
8.01108 1.36025e-06 1.36025e-06 5.46831e-12 1.36026e-06 1.36025e-06 7.97226e-13 1.36025e-06 1.36025e-06
8.01146 1.50506e-06 1.50506e-06 5.4687e-12 1.50507e-06 1.50505e-06 7.97274e-13 1.50506e-06 1.50506e-06
8.01184 1.6598e-06 1.6598e-06 5.46909e-12 1.6598e-06 1.65979e-06 7.97323e-13 1.6598e-06 1.6598e-06
8.01222 1.82479e-06 1.82479e-06 5.46948e-12 1.8248e-06 1.82479e-06 7.97372e-13 1.82479e-06 1.82479e-06
8.0126 2.00038e-06 2.00038e-06 5.46987e-12 2.00038e-06 2.00037e-06 7.9742e-13 2.00038e-06 2.00038e-06
8.01298 2.18688e-06 2.18688e-06 5.47026e-12 2.18688e-06 2.18687e-06 7.97469e-13 2.18688e-06 2.18687e-06
8.01336 2.38462e-06 2.38462e-06 5.47065e-12 2.38463e-06 2.38462e-06 7.97518e-13 2.38462e-06 2.38462e-06
8.01374 2.59394e-06 2.59394e-06 5.47104e-12 2.59395e-06 2.59394e-06 7.97566e-13 2.59394e-06 2.59394e-06
8.01412 2.81517e-06 2.81517e-06 5.47143e-12 2.81517e-06 2.81516e-06 7.97615e-13 2.81517e-06 2.81517e-06
8.0145 3.04862e-06 3.04863e-06 5.47182e-12 3.04863e-06 3.04862e-06 7.97664e-13 3.04863e-06 3.04862e-06
8.01488 3.29465e-06 3.29465e-06 5.47221e-12 3.29465e-06 3.29464e-06 7.97712e-13 3.29465e-06 3.29465e-06
8.01526 3.55356e-06 3.55356e-06 5.4726e-12 3.55357e-06 3.55355e-06 7.97761e-13 3.55356e-06 3.55356e-06
8.01564 3.82569e-06 3.82569e-06 5.47299e-12 3.8257e-06 3.82569e-06 7.97809e-13 3.82569e-06 3.82569e-06
8.01602 4.11138e-06 4.11138e-06 5.47338e-12 4.11138e-06 4.11137e-06 7.97858e-13 4.11138e-06 4.11138e-06
8.0164 4.41094e-06 4.41094e-06 5.47377e-12 4.41095e-06 4.41094e-06 7.97907e-13 4.41094e-06 4.41094e-06
8.01678 4.72472e-06 4.72472e-06 5.47416e-12 4.72472e-06 4.72471e-06 7.97955e-13 4.72472e-06 4.72472e-06
8.01716 5.05303e-06 5.05303e-06 5.47454e-12 5.05304e-06 5.05302e-06 7.98004e-13 5.05303e-06 5.05303e-06
8.01754 5.39621e-06 5.39621e-06 5.47493e-12 5.39621e-06 5.3962e-06 7.98053e-13 5.39621e-06 5.39621e-06
8.01792 5.75459e-06 5.75459e-06 5.47532e-12 5.75459e-06 5.75458e-06 7.98102e-13 5.75459e-06 5.75458e-06
8.0183 6.12849e-06 6.12849e-06 5.47571e-12 6.12849e-06 6.12848e-06 7.9815e-13 6.12849e-06 6.12849e-06
8.01868 6.51824e-06 6.51824e-06 5.4761e-12 6.51825e-06 6.51824e-06 7.98199e-13 6.51824e-06 6.51824e-06
8.01906 6.92419e-06 6.92419e-06 5.47649e-12 6.92419e-06 6.92418e-06 7.98248e-13 6.92419e-06 6.92418e-06
8.01944 7.34664e-06 7.34664e-06 5.47688e-12 7.34665e-06 7.34663e-06 7.98296e-13 7.34664e-06 7.34664e-06
8.01982 7.78594e-06 7.78594e-06 5.47727e-12 7.78594e-06 7.78593e-06 7.98345e-13 7.78594e-06 7.78594e-06
8.0202 8.24241e-06 8.24241e-06 5.47766e-12 8.24241e-06 8.2424e-06 7.98394e-13 8.24241e-06 8.24241e-06
8.02058 8.71638e-06 8.71638e-06 5.47805e-12 8.71638e-06 8.71637e-06 7.98442e-13 8.71638e-06 8.71638e-06
8.02096 9.20818e-06 9.20818e-06 5.47844e-12 9.20819e-06 9.20818e-06 7.98491e-13 9.20818e-06 9.20818e-06
8.02134 9.71814e-06 9.71814e-06 5.47883e-12 9.71815e-06 9.71814e-06 7.9854e-13 9.71814e-06 9.71814e-06
8.02172 1.02466e-05 1.02466e-05 5.47922e-12 1.02466e-05 1.02466e-05 7.98588e-13 1.02466e-05 1.02466e-05
8.0221 1.07939e-05 1.07939e-05 5.47961e-12 1.07939e-05 1.07939e-05 7.98637e-13 1.07939e-05 1.07939e-05
8.02248 1.13603e-05 1.13603e-05 5.48e-12 1.13603e-05 1.13603e-05 7.98686e-13 1.13603e-05 1.13603e-05
8.02286 1.19462e-05 1.19462e-05 5.48039e-12 1.19462e-05 1.19462e-05 7.98734e-13 1.19462e-05 1.19462e-05
8.02324 1.25519e-05 1.25519e-05 5.48078e-12 1.25519e-05 1.25519e-05 7.98783e-13 1.25519e-05 1.25519e-05
8.02362 1.31777e-05 1.31777e-05 5.48117e-12 1.31777e-05 1.31777e-05 7.98832e-13 1.31777e-05 1.31777e-05
8.024 1.3824e-05 1.3824e-05 5.48156e-12 1.3824e-05 1.3824e-05 7.9888e-13 1.3824e-05 1.3824e-05
8.02438 1.44911e-05 1.44911e-05 5.48195e-12 1.44911e-05 1.44911e-05 7.98929e-13 1.44911e-05 1.44911e-05
8.02476 1.51793e-05 1.51793e-05 5.48234e-12 1.51793e-05 1.51793e-05 7.98978e-13 1.51793e-05 1.51793e-05
8.02514 1.5889e-05 1.5889e-05 5.48273e-12 1.5889e-05 1.5889e-05 7.99027e-13 1.5889e-05 1.5889e-05
8.02552 1.66204e-05 1.66204e-05 5.48312e-12 1.66204e-05 1.66204e-05 7.99075e-13 1.66204e-05 1.66204e-05
8.0259 1.7374e-05 1.7374e-05 5.48351e-12 1.7374e-05 1.7374e-05 7.99124e-13 1.7374e-05 1.7374e-05
8.02628 1.815e-05 1.815e-05 5.4839e-12 1.815e-05 1.815e-05 7.99173e-13 1.815e-05 1.815e-05
8.02666 1.89487e-05 1.89487e-05 5.48429e-12 1.89487e-05 1.89487e-05 7.99221e-13 1.89487e-05 1.89487e-05
8.02704 1.97706e-05 1.97706e-05 5.48468e-12 1.97706e-05 1.97706e-05 7.9927e-13 1.97706e-05 1.97706e-05
8.02742 2.06159e-05 2.06159e-05 5.48507e-12 2.06159e-05 2.06159e-05 7.99319e-13 2.06159e-05 2.06159e-05
8.0278 2.1485e-05 2.1485e-05 5.48546e-12 2.1485e-05 2.14849e-05 7.99368e-13 2.1485e-05 2.1485e-05
8.02818 2.23781e-05 2.23781e-05 5.48585e-12 2.23781e-05 2.23781e-05 7.99416e-13 2.23781e-05 2.23781e-05
8.02856 2.32956e-05 2.32956e-05 5.48624e-12 2.32956e-05 2.32956e-05 7.99465e-13 2.32956e-05 2.32956e-05
8.02894 2.42379e-05 2.42379e-05 5.48663e-12 2.42379e-05 2.42379e-05 7.99514e-13 2.42379e-05 2.42379e-05
8.02932 2.52053e-05 2.52053e-05 5.48702e-12 2.52053e-05 2.52053e-05 7.99562e-13 2.52053e-05 2.52053e-05
8.0297 2.61981e-05 2.61981e-05 5.48741e-12 2.61981e-05 2.61981e-05 7.99611e-13 2.61981e-05 2.61981e-05
8.03008 2.72166e-05 2.72166e-05 5.4878e-12 2.72166e-05 2.72166e-05 7.9966e-13 2.72166e-05 2.72166e-05
8.03046 2.82611e-05 2.82611e-05 5.48819e-12 2.82611e-05 2.82611e-05 7.99709e-13 2.82611e-05 2.82611e-05
8.03084 2.93321e-05 2.93321e-05 5.48858e-12 2.93321e-05 2.93321e-05 7.99757e-13 2.93321e-05 2.93321e-05
8.03122 3.04298e-05 3.04298e-05 5.48897e-12 3.04298e-05 3.04298e-05 7.99806e-13 3.04298e-05 3.04298e-05
8.0316 3.15545e-05 3.15545e-05 5.48936e-12 3.15545e-05 3.15545e-05 7.99855e-13 3.15545e-05 3.15545e-05
8.03198 3.27066e-05 3.27066e-05 5.48976e-12 3.27066e-05 3.27066e-05 7.99903e-13 3.27066e-05 3.27066e-05
8.03236 3.38864e-05 3.38864e-05 5.49015e-12 3.38864e-05 3.38864e-05 7.99952e-13 3.38864e-05 3.38864e-05
8.03274 3.50943e-05 3.50943e-05 5.49054e-12 3.50943e-05 3.50942e-05 8.00001e-13 3.50943e-05 3.50943e-05
8.03312 3.63305e-05 3.63305e-05 5.49093e-12 3.63305e-05 3.63305e-05 8.0005e-13 3.63305e-05 3.63305e-05
8.0335 3.75954e-05 3.75954e-05 5.49132e-12 3.75954e-05 3.75954e-05 8.00098e-13 3.75954e-05 3.75954e-05
8.03388 3.88893e-05 3.88893e-05 5.49171e-12 3.88893e-05 3.88893e-05 8.00147e-13 3.88893e-05 3.88893e-05
8.03426 4.02126e-05 4.02126e-05 5.4921e-12 4.02126e-05 4.02126e-05 8.00196e-13 4.02126e-05 4.02126e-05
8.03464 4.15656e-05 4.15656e-05 5.49249e-12 4.15656e-05 4.15656e-05 8.00245e-13 4.15656e-05 4.15656e-05
8.03502 4.29485e-05 4.29485e-05 5.49288e-12 4.29485e-05 4.29485e-05 8.00293e-13 4.29485e-05 4.29485e-05
8.0354 4.43619e-05 4.43619e-05 5.49327e-12 4.43619e-05 4.43619e-05 8.00342e-13 4.43619e-05 4.43619e-05
8.03578 4.58059e-05 4.58059e-05 5.49366e-12 4.58059e-05 4.58059e-05 8.00391e-13 4.58059e-05 4.58059e-05
8.03616 4.72808e-05 4.72808e-05 5.49405e-12 4.72809e-05 4.72808e-05 8.0044e-13 4.72808e-05 4.72808e-05
8.03654 4.87872e-05 4.87872e-05 5.49444e-12 4.87872e-05 4.87872e-05 8.00488e-13 4.87872e-05 4.87872e-05
8.03692 5.03251e-05 5.03251e-05 5.49483e-12 5.03252e-05 5.03251e-05 8.00537e-13 5.03252e-05 5.03251e-05
8.0373 5.18951e-05 5.18951e-05 5.49522e-12 5.18951e-05 5.18951e-05 8.00586e-13 5.18951e-05 5.18951e-05
8.03768 5.34974e-05 5.34974e-05 5.49561e-12 5.34974e-05 5.34974e-05 8.00635e-13 5.34974e-05 5.34974e-05
8.03806 5.51323e-05 5.51323e-05 5.496e-12 5.51323e-05 5.51323e-05 8.00683e-13 5.51323e-05 5.51323e-05
8.03844 5.68002e-05 5.68002e-05 5.49639e-12 5.68002e-05 5.68002e-05 8.00732e-13 5.68002e-05 5.68002e-05
8.03882 5.85014e-05 5.85014e-05 5.49678e-12 5.85015e-05 5.85014e-05 8.00781e-13 5.85014e-05 5.85014e-05
8.0392 6.02363e-05 6.02363e-05 5.49718e-12 6.02363e-05 6.02363e-05 8.0083e-13 6.02363e-05 6.02363e-05
8.03958 6.20051e-05 6.20051e-05 5.49757e-12 6.20051e-05 6.20051e-05 8.00878e-13 6.20051e-05 6.20051e-05
8.03996 6.38082e-05 6.38082e-05 5.49796e-12 6.38082e-05 6.38082e-05 8.00927e-13 6.38082e-05 6.38082e-05
8.04034 6.56459e-05 6.56459e-05 5.49835e-12 6.56459e-05 6.56459e-05 8.00976e-13 6.56459e-05 6.56459e-05
8.04072 6.75186e-05 6.75186e-05 5.49874e-12 6.75186e-05 6.75186e-05 8.01025e-13 6.75186e-05 6.75186e-05
8.0411 6.94265e-05 6.94265e-05 5.49913e-12 6.94265e-05 6.94265e-05 8.01073e-13 6.94265e-05 6.94265e-05
8.04148 7.13701e-05 7.13701e-05 5.49952e-12 7.13701e-05 7.13701e-05 8.01122e-13 7.13701e-05 7.13701e-05
8.04186 7.33496e-05 7.33496e-05 5.49991e-12 7.33496e-05 7.33496e-05 8.01171e-13 7.33496e-05 7.33496e-05
8.04224 7.53654e-05 7.53654e-05 5.5003e-12 7.53654e-05 7.53653e-05 8.0122e-13 7.53654e-05 7.53654e-05
8.04262 7.74177e-05 7.74177e-05 5.50069e-12 7.74177e-05 7.74177e-05 8.01269e-13 7.74177e-05 7.74177e-05
8.043 7.9507e-05 7.9507e-05 5.50108e-12 7.9507e-05 7.9507e-05 8.01317e-13 7.9507e-05 7.9507e-05
8.04338 8.16335e-05 8.16335e-05 5.50147e-12 8.16335e-05 8.16335e-05 8.01366e-13 8.16335e-05 8.16335e-05
8.04376 8.37977e-05 8.37977e-05 5.50187e-12 8.37977e-05 8.37977e-05 8.01415e-13 8.37977e-05 8.37977e-05
8.04414 8.59997e-05 8.59997e-05 5.50226e-12 8.59997e-05 8.59997e-05 8.01464e-13 8.59997e-05 8.59997e-05
8.04452 8.824e-05 8.824e-05 5.50265e-12 8.824e-05 8.824e-05 8.01512e-13 8.824e-05 8.824e-05
8.0449 9.05188e-05 9.05188e-05 5.50304e-12 9.05189e-05 9.05188e-05 8.01561e-13 9.05188e-05 9.05188e-05
8.04528 9.28366e-05 9.28366e-05 5.50343e-12 9.28366e-05 9.28366e-05 8.0161e-13 9.28366e-05 9.28366e-05
8.04566 9.51936e-05 9.51936e-05 5.50382e-12 9.51936e-05 9.51936e-05 8.01659e-13 9.51936e-05 9.51936e-05
8.04604 9.75901e-05 9.75901e-05 5.50421e-12 9.75901e-05 9.75901e-05 8.01708e-13 9.75901e-05 9.75901e-05
8.04642 0.000100027 0.000100027 5.5046e-12 0.000100027 0.000100027 8.01756e-13 0.000100027 0.000100027
8.0468 0.000102503 0.000102503 5.50499e-12 0.000102503 0.000102503 8.01805e-13 0.000102503 0.000102503
8.04718 0.00010502 0.00010502 5.50538e-12 0.00010502 0.00010502 8.01854e-13 0.00010502 0.00010502
8.04756 0.000107579 0.000107579 5.50578e-12 0.000107579 0.000107579 8.01903e-13 0.000107579 0.000107579
8.04794 0.000110178 0.000110178 5.50617e-12 0.000110178 0.000110178 8.01952e-13 0.000110178 0.000110178
8.04832 0.000112819 0.000112819 5.50656e-12 0.000112819 0.000112819 8.02e-13 0.000112819 0.000112819
8.0487 0.000115501 0.000115501 5.50695e-12 0.000115501 0.000115501 8.02049e-13 0.000115501 0.000115501
8.04908 0.000118226 0.000118226 5.50734e-12 0.000118226 0.000118226 8.02098e-13 0.000118226 0.000118226
8.04946 0.000120994 0.000120994 5.50773e-12 0.000120994 0.000120994 8.02147e-13 0.000120994 0.000120994
8.04984 0.000123804 0.000123804 5.50812e-12 0.000123804 0.000123804 8.02196e-13 0.000123804 0.000123804
8.05022 0.000126657 0.000126657 5.50851e-12 0.000126657 0.000126657 8.02244e-13 0.000126657 0.000126657
8.0506 0.000129554 0.000129554 5.50891e-12 0.000129554 0.000129554 8.02293e-13 0.000129554 0.000129554
8.05098 0.000132495 0.000132495 5.5093e-12 0.000132495 0.000132495 8.02342e-13 0.000132495 0.000132495
8.05136 0.00013548 0.00013548 5.50969e-12 0.00013548 0.00013548 8.02391e-13 0.00013548 0.00013548
8.05174 0.000138509 0.000138509 5.51008e-12 0.000138509 0.000138509 8.0244e-13 0.000138509 0.000138509
8.05212 0.000141584 0.000141584 5.51047e-12 0.000141584 0.000141584 8.02488e-13 0.000141584 0.000141584
8.0525 0.000144703 0.000144703 5.51086e-12 0.000144703 0.000144703 8.02537e-13 0.000144703 0.000144703
8.05288 0.000147868 0.000147868 5.51125e-12 0.000147868 0.000147868 8.02586e-13 0.000147868 0.000147868
8.05326 0.000151079 0.000151079 5.51164e-12 0.000151079 0.000151079 8.02635e-13 0.000151079 0.000151079
8.05364 0.000154336 0.000154336 5.51204e-12 0.000154336 0.000154336 8.02684e-13 0.000154336 0.000154336
8.05402 0.000157639 0.000157639 5.51243e-12 0.000157639 0.000157639 8.02733e-13 0.000157639 0.000157639
8.0544 0.000160989 0.000160989 5.51282e-12 0.000160989 0.000160989 8.02781e-13 0.000160989 0.000160989
8.05478 0.000164386 0.000164386 5.51321e-12 0.000164386 0.000164386 8.0283e-13 0.000164386 0.000164386
8.05516 0.000167831 0.000167831 5.5136e-12 0.000167831 0.000167831 8.02879e-13 0.000167831 0.000167831
8.05554 0.000171324 0.000171324 5.51399e-12 0.000171324 0.000171324 8.02928e-13 0.000171324 0.000171324
8.05592 0.000174864 0.000174864 5.51438e-12 0.000174864 0.000174864 8.02977e-13 0.000174864 0.000174864
8.0563 0.000178454 0.000178454 5.51478e-12 0.000178454 0.000178454 8.03025e-13 0.000178454 0.000178454
8.05668 0.000182091 0.000182091 5.51517e-12 0.000182091 0.000182091 8.03074e-13 0.000182091 0.000182091
8.05706 0.000185778 0.000185778 5.51556e-12 0.000185778 0.000185778 8.03123e-13 0.000185778 0.000185778
8.05744 0.000189515 0.000189515 5.51595e-12 0.000189515 0.000189515 8.03172e-13 0.000189515 0.000189515
8.05782 0.000193301 0.000193301 5.51634e-12 0.000193301 0.000193301 8.03221e-13 0.000193301 0.000193301
8.0582 0.000197137 0.000197137 5.51673e-12 0.000197137 0.000197137 8.0327e-13 0.000197137 0.000197137
8.05858 0.000201024 0.000201024 5.51713e-12 0.000201024 0.000201024 8.03318e-13 0.000201024 0.000201024
8.05896 0.000204962 0.000204962 5.51752e-12 0.000204962 0.000204962 8.03367e-13 0.000204962 0.000204962
8.05934 0.00020895 0.00020895 5.51791e-12 0.00020895 0.00020895 8.03416e-13 0.00020895 0.00020895
8.05972 0.00021299 0.00021299 5.5183e-12 0.00021299 0.00021299 8.03465e-13 0.00021299 0.00021299
8.0601 0.000217082 0.000217082 5.51869e-12 0.000217082 0.000217082 8.03514e-13 0.000217082 0.000217082
8.06048 0.000221226 0.000221226 5.51908e-12 0.000221226 0.000221226 8.03563e-13 0.000221226 0.000221226
8.06086 0.000225422 0.000225422 5.51948e-12 0.000225422 0.000225422 8.03612e-13 0.000225422 0.000225422
8.06124 0.000229671 0.000229671 5.51987e-12 0.000229671 0.000229671 8.0366e-13 0.000229671 0.000229671
8.06162 0.000233973 0.000233973 5.52026e-12 0.000233973 0.000233973 8.03709e-13 0.000233973 0.000233973
8.062 0.000238328 0.000238328 5.52065e-12 0.000238328 0.000238328 8.03758e-13 0.000238328 0.000238328
8.06238 0.000242737 0.000242737 5.52104e-12 0.000242737 0.000242737 8.03807e-13 0.000242737 0.000242737
8.06276 0.0002472 0.0002472 5.52144e-12 0.0002472 0.0002472 8.03856e-13 0.0002472 0.0002472
8.06314 0.000251718 0.000251718 5.52183e-12 0.000251718 0.000251718 8.03905e-13 0.000251718 0.000251718
8.06352 0.00025629 0.00025629 5.52222e-12 0.00025629 0.00025629 8.03954e-13 0.00025629 0.00025629
8.0639 0.000260917 0.000260917 5.52261e-12 0.000260917 0.000260917 8.04002e-13 0.000260917 0.000260917
8.06428 0.0002656 0.0002656 5.523e-12 0.0002656 0.0002656 8.04051e-13 0.0002656 0.0002656
8.06466 0.000270338 0.000270338 5.52339e-12 0.000270338 0.000270338 8.041e-13 0.000270338 0.000270338
8.06504 0.000275132 0.000275132 5.52379e-12 0.000275132 0.000275132 8.04149e-13 0.000275132 0.000275132
8.06542 0.000279983 0.000279983 5.52418e-12 0.000279983 0.000279983 8.04198e-13 0.000279983 0.000279983
8.0658 0.00028489 0.00028489 5.52457e-12 0.00028489 0.00028489 8.04247e-13 0.00028489 0.00028489
8.06618 0.000289855 0.000289855 5.52496e-12 0.000289855 0.000289855 8.04296e-13 0.000289855 0.000289855
8.06656 0.000294876 0.000294876 5.52535e-12 0.000294876 0.000294876 8.04344e-13 0.000294876 0.000294876
8.06694 0.000299956 0.000299956 5.52575e-12 0.000299956 0.000299956 8.04393e-13 0.000299956 0.000299956
8.06732 0.000305093 0.000305093 5.52614e-12 0.000305093 0.000305093 8.04442e-13 0.000305093 0.000305093
8.0677 0.000310289 0.000310289 5.52653e-12 0.000310289 0.000310289 8.04491e-13 0.000310289 0.000310289
8.06808 0.000315543 0.000315543 5.52692e-12 0.000315543 0.000315543 8.0454e-13 0.000315543 0.000315543
8.06846 0.000320856 0.000320856 5.52732e-12 0.000320856 0.000320856 8.04589e-13 0.000320856 0.000320856
8.06884 0.000326229 0.000326229 5.52771e-12 0.000326229 0.000326229 8.04638e-13 0.000326229 0.000326229
8.06922 0.000331661 0.000331661 5.5281e-12 0.000331661 0.000331661 8.04687e-13 0.000331661 0.000331661
8.0696 0.000337154 0.000337154 5.52849e-12 0.000337154 0.000337154 8.04736e-13 0.000337154 0.000337154
8.06998 0.000342706 0.000342706 5.52888e-12 0.000342706 0.000342706 8.04784e-13 0.000342706 0.000342706
8.07036 0.000348319 0.000348319 5.52928e-12 0.000348319 0.000348319 8.04833e-13 0.000348319 0.000348319
8.07074 0.000353993 0.000353993 5.52967e-12 0.000353993 0.000353993 8.04882e-13 0.000353993 0.000353993
8.07112 0.000359729 0.000359729 5.53006e-12 0.000359729 0.000359729 8.04931e-13 0.000359729 0.000359729
8.0715 0.000365526 0.000365526 5.53045e-12 0.000365526 0.000365526 8.0498e-13 0.000365526 0.000365526
8.07188 0.000371385 0.000371385 5.53085e-12 0.000371385 0.000371385 8.05029e-13 0.000371385 0.000371385
8.07226 0.000377306 0.000377306 5.53124e-12 0.000377306 0.000377306 8.05078e-13 0.000377306 0.000377306
8.07264 0.00038329 0.00038329 5.53163e-12 0.00038329 0.00038329 8.05127e-13 0.00038329 0.00038329
8.07302 0.000389337 0.000389337 5.53202e-12 0.000389337 0.000389337 8.05176e-13 0.000389337 0.000389337
8.0734 0.000395447 0.000395447 5.53241e-12 0.000395447 0.000395447 8.05224e-13 0.000395447 0.000395447
8.07378 0.000401621 0.000401621 5.53281e-12 0.000401621 0.000401621 8.05273e-13 0.000401621 0.000401621
8.07416 0.000407858 0.000407858 5.5332e-12 0.000407858 0.000407858 8.05322e-13 0.000407858 0.000407858
8.07454 0.00041416 0.00041416 5.53359e-12 0.00041416 0.00041416 8.05371e-13 0.00041416 0.00041416
8.07492 0.000420526 0.000420526 5.53398e-12 0.000420526 0.000420526 8.0542e-13 0.000420526 0.000420526
8.0753 0.000426958 0.000426958 5.53438e-12 0.000426958 0.000426958 8.05469e-13 0.000426958 0.000426958
8.07568 0.000433454 0.000433454 5.53477e-12 0.000433454 0.000433454 8.05518e-13 0.000433454 0.000433454
8.07606 0.000440017 0.000440017 5.53516e-12 0.000440017 0.000440016 8.05567e-13 0.000440017 0.000440017
8.07644 0.000446645 0.000446645 5.53555e-12 0.000446645 0.000446645 8.05616e-13 0.000446645 0.000446645
8.07682 0.000453339 0.000453339 5.53595e-12 0.000453339 0.000453339 8.05665e-13 0.000453339 0.000453339
8.0772 0.0004601 0.0004601 5.53634e-12 0.0004601 0.0004601 8.05714e-13 0.0004601 0.0004601
8.07758 0.000466927 0.000466927 5.53673e-12 0.000466927 0.000466927 8.05762e-13 0.000466927 0.000466927
8.07796 0.000473822 0.000473822 5.53712e-12 0.000473822 0.000473822 8.05811e-13 0.000473822 0.000473822
8.07834 0.000480785 0.000480785 5.53752e-12 0.000480785 0.000480785 8.0586e-13 0.000480785 0.000480785
8.07872 0.000487815 0.000487815 5.53791e-12 0.000487815 0.000487815 8.05909e-13 0.000487815 0.000487815
8.0791 0.000494914 0.000494914 5.5383e-12 0.000494914 0.000494914 8.05958e-13 0.000494914 0.000494914
8.07948 0.000502081 0.000502081 5.5387e-12 0.000502081 0.000502081 8.06007e-13 0.000502081 0.000502081
8.07986 0.000509317 0.000509317 5.53909e-12 0.000509317 0.000509317 8.06056e-13 0.000509317 0.000509317
8.08024 0.000516622 0.000516622 5.53948e-12 0.000516622 0.000516622 8.06105e-13 0.000516622 0.000516622
8.08062 0.000523996 0.000523996 5.53987e-12 0.000523996 0.000523996 8.06154e-13 0.000523996 0.000523996
8.081 0.000531441 0.000531441 5.54027e-12 0.000531441 0.000531441 8.06203e-13 0.000531441 0.000531441
8.08138 0.000538956 0.000538956 5.54066e-12 0.000538956 0.000538956 8.06252e-13 0.000538956 0.000538956
8.08176 0.000546541 0.000546541 5.54105e-12 0.000546541 0.000546541 8.06301e-13 0.000546541 0.000546541
8.08214 0.000554197 0.000554197 5.54144e-12 0.000554197 0.000554197 8.0635e-13 0.000554197 0.000554197
8.08252 0.000561924 0.000561924 5.54184e-12 0.000561924 0.000561924 8.06399e-13 0.000561924 0.000561924
8.0829 0.000569723 0.000569723 5.54223e-12 0.000569723 0.000569723 8.06447e-13 0.000569723 0.000569723
8.08328 0.000577593 0.000577593 5.54262e-12 0.000577593 0.000577593 8.06496e-13 0.000577593 0.000577593
8.08366 0.000585536 0.000585536 5.54302e-12 0.000585536 0.000585536 8.06545e-13 0.000585536 0.000585536
8.08404 0.000593551 0.000593551 5.54341e-12 0.000593551 0.000593551 8.06594e-13 0.000593551 0.000593551
8.08442 0.000601639 0.000601639 5.5438e-12 0.000601639 0.000601639 8.06643e-13 0.000601639 0.000601639
8.0848 0.0006098 0.0006098 5.54419e-12 0.0006098 0.0006098 8.06692e-13 0.0006098 0.0006098
8.08518 0.000618035 0.000618035 5.54459e-12 0.000618035 0.000618035 8.06741e-13 0.000618035 0.000618035
8.08556 0.000626343 0.000626343 5.54498e-12 0.000626343 0.000626343 8.0679e-13 0.000626343 0.000626343
8.08594 0.000634726 0.000634726 5.54537e-12 0.000634726 0.000634726 8.06839e-13 0.000634726 0.000634726
8.08632 0.000643183 0.000643183 5.54577e-12 0.000643183 0.000643183 8.06888e-13 0.000643183 0.000643183
8.0867 0.000651714 0.000651714 5.54616e-12 0.000651714 0.000651714 8.06937e-13 0.000651714 0.000651714
8.08708 0.000660321 0.000660321 5.54655e-12 0.000660321 0.000660321 8.06986e-13 0.000660321 0.000660321
8.08746 0.000669004 0.000669004 5.54695e-12 0.000669004 0.000669004 8.07035e-13 0.000669004 0.000669004
8.08784 0.000677762 0.000677762 5.54734e-12 0.000677762 0.000677762 8.07084e-13 0.000677762 0.000677762
8.08822 0.000686596 0.000686596 5.54773e-12 0.000686596 0.000686596 8.07133e-13 0.000686596 0.000686596
8.0886 0.000695506 0.000695506 5.54813e-12 0.000695506 0.000695506 8.07182e-13 0.000695506 0.000695506
8.08898 0.000704494 0.000704494 5.54852e-12 0.000704494 0.000704494 8.07231e-13 0.000704494 0.000704494
8.08936 0.000713558 0.000713558 5.54891e-12 0.000713558 0.000713558 8.0728e-13 0.000713558 0.000713558
8.08974 0.0007227 0.0007227 5.5493e-12 0.0007227 0.0007227 8.07329e-13 0.0007227 0.0007227
8.09012 0.00073192 0.00073192 5.5497e-12 0.00073192 0.00073192 8.07378e-13 0.00073192 0.00073192
8.0905 0.000741218 0.000741218 5.55009e-12 0.000741218 0.000741218 8.07427e-13 0.000741218 0.000741218
8.09088 0.000750594 0.000750594 5.55048e-12 0.000750594 0.000750594 8.07476e-13 0.000750594 0.000750594
8.09126 0.000760049 0.000760049 5.55088e-12 0.000760049 0.000760049 8.07525e-13 0.000760049 0.000760049
8.09164 0.000769583 0.000769583 5.55127e-12 0.000769583 0.000769583 8.07574e-13 0.000769583 0.000769583
8.09202 0.000779196 0.000779196 5.55166e-12 0.000779196 0.000779196 8.07622e-13 0.000779196 0.000779196
8.0924 0.000788889 0.000788889 5.55206e-12 0.000788889 0.000788889 8.07671e-13 0.000788889 0.000788889
8.09278 0.000798662 0.000798662 5.55245e-12 0.000798662 0.000798662 8.0772e-13 0.000798662 0.000798662
8.09316 0.000808516 0.000808516 5.55284e-12 0.000808516 0.000808516 8.07769e-13 0.000808516 0.000808516
8.09354 0.00081845 0.00081845 5.55324e-12 0.00081845 0.00081845 8.07818e-13 0.00081845 0.00081845
8.09392 0.000828465 0.000828465 5.55363e-12 0.000828465 0.000828465 8.07867e-13 0.000828465 0.000828465
8.0943 0.000838562 0.000838562 5.55402e-12 0.000838562 0.000838562 8.07916e-13 0.000838562 0.000838562
8.09468 0.00084874 0.00084874 5.55442e-12 0.00084874 0.00084874 8.07965e-13 0.00084874 0.00084874
8.09506 0.000859001 0.000859001 5.55481e-12 0.000859001 0.000859001 8.08014e-13 0.000859001 0.000859001
8.09544 0.000869343 0.000869343 5.5552e-12 0.000869343 0.000869343 8.08063e-13 0.000869343 0.000869343
8.09582 0.000879769 0.000879769 5.5556e-12 0.000879769 0.000879769 8.08112e-13 0.000879769 0.000879769
8.0962 0.000890277 0.000890277 5.55599e-12 0.000890277 0.000890277 8.08161e-13 0.000890277 0.000890277
8.09658 0.000900869 0.000900869 5.55638e-12 0.000900869 0.000900869 8.0821e-13 0.000900869 0.000900869
8.09696 0.000911544 0.000911544 5.55678e-12 0.000911544 0.000911544 8.08259e-13 0.000911544 0.000911544
8.09734 0.000922304 0.000922304 5.55717e-12 0.000922304 0.000922304 8.08308e-13 0.000922304 0.000922304
8.09772 0.000933148 0.000933148 5.55757e-12 0.000933148 0.000933148 8.08357e-13 0.000933148 0.000933148
8.0981 0.000944076 0.000944076 5.55796e-12 0.000944076 0.000944076 8.08406e-13 0.000944076 0.000944076
8.09848 0.00095509 0.00095509 5.55835e-12 0.00095509 0.00095509 8.08455e-13 0.00095509 0.00095509
8.09886 0.000966188 0.000966188 5.55875e-12 0.000966188 0.000966188 8.08504e-13 0.000966188 0.000966188
8.09924 0.000977373 0.000977373 5.55914e-12 0.000977373 0.000977373 8.08553e-13 0.000977373 0.000977373
8.09962 0.000988643 0.000988643 5.55953e-12 0.000988643 0.000988643 8.08602e-13 0.000988643 0.000988643
8.1 0.001 0.001 5.55993e-12 0.001 0.001 8.08651e-13 0.001 0.001
