1.9 -1e-09 -1.00414e-09 8.34246e-10 4.62754e-11
1.9004 -9.64571e-10 -9.72705e-10 8.35017e-10 4.6318e-11
1.9008 -9.30262e-10 -9.38485e-10 8.35788e-10 4.63607e-11
1.9012 -8.97041e-10 -9.00911e-10 8.36559e-10 4.64035e-11
1.9016 -8.6488e-10 -8.70216e-10 8.37331e-10 4.64462e-11
1.902 -8.33748e-10 -8.34916e-10 8.38104e-10 4.6489e-11
1.9024 -8.03616e-10 -8.03141e-10 8.38878e-10 4.65319e-11
1.9028 -7.74455e-10 -7.76879e-10 8.39652e-10 4.65747e-11
1.9032 -7.46239e-10 -7.44137e-10 8.40427e-10 4.66176e-11
1.9036 -7.18941e-10 -7.17989e-10 8.41202e-10 4.66606e-11
1.904 -6.92534e-10 -6.90761e-10 8.41979e-10 4.67036e-11
1.9044 -6.66993e-10 -6.69388e-10 8.42755e-10 4.67466e-11
1.9048 -6.42292e-10 -6.36817e-10 8.43533e-10 4.67896e-11
1.9052 -6.18408e-10 -6.16012e-10 8.44311e-10 4.68327e-11
1.9056 -5.95317e-10 -5.91683e-10 8.45089e-10 4.68758e-11
1.906 -5.72995e-10 -5.72641e-10 8.45869e-10 4.6919e-11
1.9064 -5.5142e-10 -5.45469e-10 8.46648e-10 4.69622e-11
1.9068 -5.30571e-10 -5.31941e-10 8.47429e-10 4.70054e-11
1.9072 -5.10425e-10 -5.10795e-10 8.4821e-10 4.70487e-11
1.9076 -4.90962e-10 -4.90388e-10 8.48992e-10 4.7092e-11
1.908 -4.72161e-10 -4.70493e-10 8.49775e-10 4.71353e-11
1.9084 -4.54004e-10 -4.54065e-10 8.50558e-10 4.71787e-11
1.9088 -4.36469e-10 -4.33829e-10 8.51341e-10 4.72221e-11
1.9092 -4.19539e-10 -4.18424e-10 8.52126e-10 4.72655e-11
1.9096 -4.03196e-10 -4.07738e-10 8.52911e-10 4.7309e-11
1.91 -3.8742e-10 -3.92561e-10 8.53697e-10 4.73525e-11
1.9104 -3.72196e-10 -3.72438e-10 8.54483e-10 4.7396e-11
1.9108 -3.57506e-10 -3.60671e-10 8.5527e-10 4.74396e-11
1.9112 -3.43334e-10 -3.43618e-10 8.56058e-10 4.74832e-11
1.9116 -3.29663e-10 -3.30715e-10 8.56846e-10 4.75269e-11
1.912 -3.16478e-10 -3.17129e-10 8.57635e-10 4.75705e-11
1.9124 -3.03764e-10 -3.10251e-10 8.58424e-10 4.76143e-11
1.9128 -2.91507e-10 -2.92516e-10 8.59214e-10 4.7658e-11
1.9132 -2.7969e-10 -2.80068e-10 8.60005e-10 4.77018e-11
1.9136 -2.68302e-10 -2.69154e-10 8.60797e-10 4.77456e-11
1.914 -2.57327e-10 -2.56136e-10 8.61589e-10 4.77895e-11
1.9144 -2.46754e-10 -2.45393e-10 8.62382e-10 4.78334e-11
1.9148 -2.36568e-10 -2.37435e-10 8.63175e-10 4.78773e-11
1.9152 -2.26758e-10 -2.22315e-10 8.63969e-10 4.79213e-11
1.9156 -2.17311e-10 -2.15948e-10 8.64764e-10 4.79653e-11
1.916 -2.08216e-10 -2.07592e-10 8.65559e-10 4.80094e-11
1.9164 -1.9946e-10 -1.92983e-10 8.66355e-10 4.80534e-11
1.9168 -1.91034e-10 -1.92813e-10 8.67152e-10 4.80976e-11
1.9172 -1.82925e-10 -1.87981e-10 8.67949e-10 4.81417e-11
1.9176 -1.75124e-10 -1.7917e-10 8.68747e-10 4.81859e-11
1.918 -1.6762e-10 -1.72577e-10 8.69546e-10 4.82301e-11
1.9184 -1.60403e-10 -1.60412e-10 8.70345e-10 4.82744e-11
1.9188 -1.53463e-10 -1.5217e-10 8.71145e-10 4.83187e-11
1.9192 -1.46792e-10 -1.5001e-10 8.71946e-10 4.8363e-11
1.9196 -1.4038e-10 -1.40858e-10 8.72747e-10 4.84074e-11
1.92 -1.34218e-10 -1.39266e-10 8.73549e-10 4.84518e-11
1.9204 -1.28297e-10 -1.27045e-10 8.74352e-10 4.84962e-11
1.9208 -1.2261e-10 -1.21361e-10 8.75155e-10 4.85407e-11
1.9212 -1.17148e-10 -1.18405e-10 8.75959e-10 4.85852e-11
1.9216 -1.11904e-10 -1.16131e-10 8.76763e-10 4.86297e-11
1.922 -1.06869e-10 -1.0715e-10 8.77569e-10 4.86743e-11
1.9224 -1.02036e-10 -9.74865e-11 8.78374e-10 4.8719e-11
1.9228 -9.73993e-11 -9.1859e-11 8.79181e-10 4.87636e-11
1.9232 -9.29503e-11 -9.99876e-11 8.79988e-10 4.88083e-11
1.9236 -8.8683e-11 -9.17453e-11 8.80796e-10 4.8853e-11
1.924 -8.45906e-11 -8.48104e-11 8.81604e-10 4.88978e-11
1.9244 -8.0667e-11 -9.02105e-11 8.82413e-10 4.89426e-11
1.9248 -7.69061e-11 -7.92966e-11 8.83223e-10 4.89874e-11
1.9252 -7.33018e-11 -7.30438e-11 8.84034e-10 4.90323e-11
1.9256 -6.98484e-11 -7.03722e-11 8.84845e-10 4.90772e-11
1.926 -6.65404e-11 -6.36646e-11 8.85657e-10 4.91222e-11
1.9264 -6.33724e-11 -6.81553e-11 8.86469e-10 4.91672e-11
1.9268 -6.03392e-11 -6.16183e-11 8.87282e-10 4.92122e-11
1.9272 -5.74358e-11 -5.47402e-11 8.88096e-10 4.92572e-11
1.9276 -5.46572e-11 -5.76392e-11 8.8891e-10 4.93023e-11
1.928 -5.19987e-11 -4.82601e-11 8.89726e-10 4.93475e-11
1.9284 -4.94558e-11 -4.95106e-11 8.90541e-10 4.93926e-11
1.9288 -4.7024e-11 -4.84306e-11 8.91358e-10 4.94378e-11
1.9292 -4.46992e-11 -4.76916e-11 8.92175e-10 4.94831e-11
1.9296 -4.2477e-11 -4.2121e-11 8.92993e-10 4.95284e-11
1.93 -4.03536e-11 -3.89946e-11 8.93811e-10 4.95737e-11
1.9304 -3.83251e-11 -3.86535e-11 8.9463e-10 4.9619e-11
1.9308 -3.63877e-11 -3.23439e-11 8.9545e-10 4.96644e-11
1.9312 -3.45379e-11 -3.75735e-11 8.9627e-10 4.97098e-11
1.9316 -3.27721e-11 -2.77396e-11 8.97091e-10 4.97553e-11
1.932 -3.10871e-11 -3.21165e-11 8.97913e-10 4.98008e-11
1.9324 -2.94795e-11 -2.81375e-11 8.98736e-10 4.98463e-11
1.9328 -2.79462e-11 -3.17755e-11 8.99559e-10 4.98919e-11
1.9332 -2.64843e-11 -2.47269e-11 9.00382e-10 4.99375e-11
1.9336 -2.50907e-11 -2.29647e-11 9.01207e-10 4.99832e-11
1.934 -2.37627e-11 -2.36469e-11 9.02032e-10 5.00288e-11
1.9344 -2.24975e-11 -2.13731e-11 9.02858e-10 5.00746e-11
1.9348 -2.12926e-11 -1.52909e-11 9.03684e-10 5.01203e-11
1.9352 -2.01454e-11 -1.80762e-11 9.04511e-10 5.01661e-11
1.9356 -1.90534e-11 -1.48361e-11 9.05339e-10 5.02119e-11
1.936 -1.80144e-11 -2.05205e-11 9.06168e-10 5.02578e-11
1.9364 -1.70261e-11 -1.13118e-11 9.06997e-10 5.03037e-11
1.9368 -1.60862e-11 -1.88152e-11 9.07827e-10 5.03497e-11
1.9372 -1.51928e-11 -1.20508e-11 9.08657e-10 5.03956e-11
1.9376 -1.43437e-11 -9.20863e-12 9.09488e-10 5.04417e-11
1.938 -1.35371e-11 -1.47793e-11 9.1032e-10 5.04877e-11
1.9384 -1.2771e-11 -1.0516e-11 9.11153e-10 5.05338e-11
1.9388 -1.20438e-11 -1.46656e-11 9.11986e-10 5.05799e-11
1.9392 -1.13536e-11 -1.18234e-11 9.1282e-10 5.06261e-11
1.9396 -1.06987e-11 -8.2423e-12 9.13654e-10 5.06723e-11
1.94 -1.00777e-11 -1.40403e-11 9.1449e-10 5.07185e-11
1.9404 -9.48891e-12 -9.9476e-12 9.15325e-10 5.07648e-11
1.9408 -8.9309e-12 -1.02887e-11 9.16162e-10 5.08111e-11
1.9412 -8.40226e-12 -4.03588e-12 9.16999e-10 5.08575e-11
1.9416 -7.90161e-12 -5.34328e-12 9.17837e-10 5.09039e-11
1.942 -7.42766e-12 -4.66116e-12 9.18676e-10 5.09503e-11
1.9424 -6.97915e-12 -1.14255e-11 9.19515e-10 5.09968e-11
1.9428 -6.55487e-12 -9.20863e-12 9.20355e-10 5.10433e-11
1.9432 -6.15368e-12 1.13687e-13 9.21196e-10 5.10898e-11
1.9436 -5.77447e-12 -1.13118e-11 9.22037e-10 5.11364e-11
1.944 -5.41617e-12 -8.18545e-12 9.22879e-10 5.1183e-11
1.9444 -5.07777e-12 -2.6148e-12 9.23722e-10 5.12297e-11
1.9448 -4.7583e-12 -5.85487e-12 9.24565e-10 5.12764e-11
1.9452 -4.45682e-12 -1.08002e-12 9.25409e-10 5.13231e-11
1.9456 -4.17244e-12 -5.11591e-13 9.26254e-10 5.13699e-11
1.946 -3.90431e-12 5.68434e-13 9.271e-10 5.14167e-11
1.9464 -3.6516e-12 -2.89901e-12 9.27946e-10 5.14635e-11
1.9468 -3.41354e-12 -2.6148e-12 9.28793e-10 5.15104e-11
1.9472 -3.18937e-12 -2.21689e-12 9.2964e-10 5.15573e-11
1.9476 -2.97839e-12 -5.96856e-12 9.30488e-10 5.16043e-11
1.948 -2.77991e-12 -1.93268e-12 9.31337e-10 5.16513e-11
1.9484 -2.59327e-12 -7.10543e-12 9.32187e-10 5.16983e-11
1.9488 -2.41785e-12 -9.89075e-12 9.33037e-10 5.17454e-11
1.9492 -2.25306e-12 -2.67164e-12 9.33888e-10 5.17925e-11
1.9496 -2.09834e-12 -2.84217e-13 9.3474e-10 5.18396e-11
1.95 -1.95313e-12 2.27374e-13 9.35592e-10 5.18868e-11
1.9504 -1.81692e-12 -6.13909e-12 9.36445e-10 5.1934e-11
1.9508 -1.68922e-12 1.59162e-12 9.37299e-10 5.19813e-11
1.9512 -1.56956e-12 2.6148e-12 9.38153e-10 5.20286e-11
1.9516 -1.4575e-12 -1.76215e-12 9.39008e-10 5.20759e-11
1.952 -1.35261e-12 -3.9222e-12 9.39864e-10 5.21233e-11
1.9524 -1.25448e-12 -5.28644e-12 9.40721e-10 5.21707e-11
1.9528 -1.16273e-12 -3.29692e-12 9.41578e-10 5.22182e-11
1.9532 -1.07699e-12 1.25056e-12 9.42436e-10 5.22657e-11
1.9536 -9.96923e-13 -2.27374e-12 9.43294e-10 5.23132e-11
1.954 -9.2219e-13 -5.91172e-12 9.44154e-10 5.23608e-11
1.9544 -8.52479e-13 4.54747e-13 9.45014e-10 5.24084e-11
1.9548 -7.87492e-13 -2.33058e-12 9.45874e-10 5.2456e-11
1.9552 -7.26946e-13 3.41061e-12 9.46736e-10 5.25037e-11
1.9556 -6.70574e-13 -5.74119e-12 9.47598e-10 5.25514e-11
1.956 -6.18122e-13 3.75167e-12 9.48461e-10 5.25992e-11
1.9564 -5.69349e-13 -4.43379e-12 9.49324e-10 5.2647e-11
1.9568 -5.24027e-13 6.0254e-12 9.50188e-10 5.26948e-11
1.9572 -4.81941e-13 -5.79803e-12 9.51053e-10 5.27427e-11
1.9576 -4.42887e-13 -4.3201e-12 9.51919e-10 5.27906e-11
1.958 -4.06671e-13 -4.83169e-12 9.52785e-10 5.28386e-11
1.9584 -3.73113e-13 4.09273e-12 9.53652e-10 5.28866e-11
1.9588 -3.42038e-13 3.41061e-13 9.54519e-10 5.29346e-11
1.9592 -3.13286e-13 1.59162e-12 9.55388e-10 5.29827e-11
1.9596 -2.86703e-13 -8.52651e-13 9.56257e-10 5.30308e-11
1.96 -2.62144e-13 -9.66338e-13 9.57127e-10 5.30789e-11
1.9604 -2.39473e-13 -3.29692e-12 9.57997e-10 5.31271e-11
1.9608 -2.18562e-13 -5.22959e-12 9.58868e-10 5.31753e-11
1.9612 -1.9929e-13 3.52429e-12 9.5974e-10 5.32236e-11
1.9616 -1.81544e-13 7.95808e-13 9.60613e-10 5.32719e-11
1.962 -1.65216e-13 -4.60432e-12 9.61486e-10 5.33202e-11
1.9624 -1.50207e-13 -1.53477e-12 9.6236e-10 5.33686e-11
1.9628 -1.36423e-13 -8.01492e-12 9.63235e-10 5.3417e-11
1.9632 -1.23774e-13 2.72848e-12 9.6411e-10 5.34655e-11
1.9636 -1.12179e-13 -9.66338e-13 9.64986e-10 5.3514e-11
1.964 -1.0156e-13 -4.20641e-12 9.65863e-10 5.35625e-11
1.9644 -9.18438e-14 8.29914e-12 9.66741e-10 5.36111e-11
1.9648 -8.29629e-14 -2.44427e-12 9.67619e-10 5.36597e-11
1.9652 -7.48537e-14 -2.21689e-12 9.68498e-10 5.37084e-11
1.9656 -6.74568e-14 9.09495e-13 9.69377e-10 5.3757e-11
1.966 -6.0717e-14 -1.42109e-12 9.70258e-10 5.38058e-11
1.9664 -5.45825e-14 -3.63798e-12 9.71139e-10 5.38545e-11
1.9668 -4.90053e-14 1.47793e-12 9.72021e-10 5.39034e-11
1.9672 -4.39405e-14 6.82121e-13 9.72903e-10 5.39522e-11
1.9676 -3.93464e-14 3.86535e-12 9.73786e-10 5.40011e-11
1.968 -3.51844e-14 -1.81899e-12 9.7467e-10 5.405e-11
1.9684 -3.14184e-14 6.82121e-13 9.75555e-10 5.4099e-11
1.9688 -2.8015e-14 -5.79803e-12 9.7644e-10 5.4148e-11
1.9692 -2.49434e-14 -2.27374e-12 9.77326e-10 5.4197e-11
1.9696 -2.21749e-14 -1.25056e-12 9.78213e-10 5.42461e-11
1.97 -1.9683e-14 -9.66338e-13 9.79101e-10 5.42952e-11
1.9704 -1.74432e-14 4.77485e-12 9.79989e-10 5.43444e-11
1.9708 -1.54328e-14 -4.54747e-13 9.80878e-10 5.43936e-11
1.9712 -1.36311e-14 -3.46745e-12 9.81767e-10 5.44429e-11
1.9716 -1.20189e-14 5.11591e-12 9.82658e-10 5.44921e-11
1.972 -1.05785e-14 5.11591e-12 9.83549e-10 5.45415e-11
1.9724 -9.29355e-15 -8.52651e-13 9.84441e-10 5.45908e-11
1.9728 -8.1493e-15 4.54747e-13 9.85333e-10 5.46402e-11
1.9732 -7.13203e-15 2.27374e-12 9.86226e-10 5.46897e-11
1.9736 -6.22924e-15 -1.81899e-12 9.8712e-10 5.47391e-11
1.974 -5.4295e-15 1.13687e-13 9.88015e-10 5.47887e-11
1.9744 -4.72237e-15 1.47793e-12 9.8891e-10 5.48382e-11
1.9748 -4.09831e-15 4.66116e-12 9.89806e-10 5.48878e-11
1.9752 -3.54867e-15 1.81899e-12 9.90703e-10 5.49375e-11
1.9756 -3.06555e-15 -1.02318e-12 9.91601e-10 5.49871e-11
1.976 -2.64181e-15 -3.97904e-12 9.92499e-10 5.50369e-11
1.9764 -2.27095e-15 -4.83169e-12 9.93398e-10 5.50866e-11
1.9768 -1.94712e-15 -2.16005e-12 9.94298e-10 5.51364e-11
1.9772 -1.665e-15 -2.16005e-12 9.95198e-10 5.51863e-11
1.9776 -1.41982e-15 -2.04636e-12 9.96099e-10 5.52361e-11
1.978 -1.20727e-15 3.41061e-12 9.97001e-10 5.5286e-11
1.9784 -1.02349e-15 4.66116e-12 9.97904e-10 5.5336e-11
1.9788 -8.65013e-16 -5.11591e-13 9.98807e-10 5.5386e-11
1.9792 -7.28736e-16 -2.78533e-12 9.99711e-10 5.5436e-11
1.9796 -6.11887e-16 -1.47793e-12 1.00062e-09 5.54861e-11
1.98 -5.12e-16 -3.52429e-12 1.00152e-09 5.55362e-11
1.9804 -4.26879e-16 -4.09273e-12 1.00243e-09 5.55864e-11
1.9808 -3.54577e-16 -1.7053e-12 1.00333e-09 5.56366e-11
1.9812 -2.93373e-16 1.13687e-13 1.00424e-09 5.56868e-11
1.9816 -2.41747e-16 4.54747e-12 1.00515e-09 5.57371e-11
1.982 -1.98359e-16 5.57066e-12 1.00606e-09 5.57874e-11
1.9824 -1.62037e-16 -1.3074e-12 1.00697e-09 5.58378e-11
1.9828 -1.31752e-16 5.34328e-12 1.00788e-09 5.58882e-11
1.9832 -1.06606e-16 1.36424e-12 1.00879e-09 5.59386e-11
1.9836 -8.58212e-17 -8.52651e-13 1.0097e-09 5.59891e-11
1.984 -6.87195e-17 2.84217e-12 1.01062e-09 5.60396e-11
1.9844 -5.47169e-17 1.02318e-12 1.01153e-09 5.60902e-11
1.9848 -4.33104e-17 -5.68434e-13 1.01245e-09 5.61408e-11
1.9852 -3.40687e-17 -4.83169e-12 1.01336e-09 5.61915e-11
1.9856 -2.66233e-17 -7.16227e-12 1.01428e-09 5.62421e-11
1.986 -2.0661e-17 1.7053e-12 1.01519e-09 5.62929e-11
1.9864 -1.59166e-17 -3.63798e-12 1.01611e-09 5.63436e-11
1.9868 -1.21665e-17 1.13687e-12 1.01703e-09 5.63944e-11
1.9872 -9.22337e-18 6.82121e-13 1.01795e-09 5.64453e-11
1.9876 -6.93099e-18 1.13687e-12 1.01887e-09 5.64962e-11
1.988 -5.15978e-18 -4.37694e-12 1.01979e-09 5.65471e-11
1.9884 -3.80296e-18 -1.76215e-12 1.02071e-09 5.65981e-11
1.9888 -2.77308e-18 -4.20641e-12 1.02163e-09 5.66491e-11
1.9892 -1.999e-18 1.81899e-12 1.02255e-09 5.67001e-11
1.9896 -1.42331e-18 -4.66116e-12 1.02347e-09 5.67512e-11
1.99 -1e-18 3.75167e-12 1.0244e-09 5.68023e-11
1.9904 -6.92534e-19 2.84217e-12 1.02532e-09 5.68535e-11
1.9908 -4.72161e-19 3.41061e-13 1.02625e-09 5.69047e-11
1.9912 -3.16478e-19 1.59162e-12 1.02717e-09 5.6956e-11
1.9916 -2.08216e-19 -1.02318e-12 1.0281e-09 5.70073e-11
1.992 -1.34218e-19 2.84217e-12 1.02903e-09 5.70586e-11
1.9924 -8.45906e-20 1.25056e-12 1.02996e-09 5.711e-11
1.9928 -5.19987e-20 -5.05906e-12 1.03089e-09 5.71614e-11
1.9932 -3.10871e-20 -6.42331e-12 1.03182e-09 5.72129e-11
1.9936 -1.80144e-20 -4.83169e-12 1.03275e-09 5.72644e-11
1.994 -1.00777e-20 -5.68434e-14 1.03368e-09 5.73159e-11
1.9944 -5.41617e-21 1.81899e-12 1.03461e-09 5.73675e-11
1.9948 -2.77991e-21 1.13687e-13 1.03554e-09 5.74191e-11
1.9952 -1.35261e-21 -3.41061e-12 1.03648e-09 5.74708e-11
1.9956 -6.18122e-22 -9.66338e-13 1.03741e-09 5.75225e-11
1.996 -2.62144e-22 2.50111e-12 1.03835e-09 5.75742e-11
1.9964 -1.0156e-22 -7.95808e-13 1.03928e-09 5.7626e-11
1.9968 -3.51844e-23 4.43379e-12 1.04022e-09 5.76778e-11
1.9972 -1.05785e-23 -4.03588e-12 1.04116e-09 5.77297e-11
1.9976 -2.64181e-24 1.02318e-12 1.04209e-09 5.77816e-11
1.998 -5.12e-25 -7.04858e-12 1.04303e-09 5.78336e-11
1.9984 -6.87195e-26 -2.67164e-12 1.04397e-09 5.78856e-11
1.9988 -5.15978e-27 -3.0127e-12 1.04491e-09 5.79376e-11
1.9992 -1.34218e-28 -3.52429e-12 1.04585e-09 5.79897e-11
1.9996 -2.62144e-31 -3.63798e-12 1.0468e-09 5.80418e-11
2 -2.56267e-126 5.34328e-12 1.04774e-09 5.8094e-11
2.0004 2.62144e-31 2.50111e-12 1.04868e-09 5.81462e-11
2.0008 1.34218e-28 1.13687e-12 1.04963e-09 5.81984e-11
2.0012 5.15978e-27 -2.84217e-13 1.05057e-09 5.82507e-11
2.0016 6.87195e-26 -2.84217e-13 1.05152e-09 5.8303e-11
2.002 5.12e-25 -5.22959e-12 1.05246e-09 5.83554e-11
2.0024 2.64181e-24 0 1.05341e-09 5.84078e-11
2.0028 1.05785e-23 0 1.05436e-09 5.84603e-11
2.0032 3.51844e-23 5.68434e-13 1.05531e-09 5.85128e-11
2.0036 1.0156e-22 -7.10543e-12 1.05626e-09 5.85653e-11
2.004 2.62144e-22 -2.6148e-12 1.05721e-09 5.86179e-11
2.0044 6.18122e-22 -2.84217e-13 1.05816e-09 5.86705e-11
2.0048 1.35261e-21 -2.04636e-12 1.05911e-09 5.87232e-11
2.0052 2.77991e-21 -2.16005e-12 1.06006e-09 5.87759e-11
2.0056 5.41617e-21 -2.27374e-12 1.06101e-09 5.88286e-11
2.006 1.00777e-20 9.09495e-13 1.06197e-09 5.88814e-11
2.0064 1.80144e-20 6.0254e-12 1.06292e-09 5.89342e-11
2.0068 3.10871e-20 -5.11591e-13 1.06388e-09 5.89871e-11
2.0072 5.19987e-20 -1.59162e-12 1.06483e-09 5.904e-11
2.0076 8.45906e-20 -5.74119e-12 1.06579e-09 5.9093e-11
2.008 1.34218e-19 -3.52429e-12 1.06675e-09 5.9146e-11
2.0084 2.08216e-19 -6.65068e-12 1.06771e-09 5.9199e-11
2.0088 3.16478e-19 2.95586e-12 1.06867e-09 5.92521e-11
2.0092 4.72161e-19 1.59162e-12 1.06963e-09 5.93052e-11
2.0096 6.92534e-19 6.9349e-12 1.07059e-09 5.93584e-11
2.01 1e-18 4.54747e-13 1.07155e-09 5.94116e-11
2.0104 1.42331e-18 8.07177e-12 1.07251e-09 5.94649e-11
2.0108 1.999e-18 7.95808e-13 1.07347e-09 5.95181e-11
2.0112 2.77308e-18 7.95808e-13 1.07444e-09 5.95715e-11
2.0116 3.80296e-18 2.72848e-12 1.0754e-09 5.96249e-11
2.012 5.15978e-18 -5.11591e-12 1.07637e-09 5.96783e-11
2.0124 6.93099e-18 4.09273e-12 1.07733e-09 5.97317e-11
2.0128 9.22337e-18 2.04636e-12 1.0783e-09 5.97853e-11
2.0132 1.21665e-17 0 1.07927e-09 5.98388e-11
2.0136 1.59166e-17 -5.34328e-12 1.08024e-09 5.98924e-11
2.014 2.0661e-17 -8.29914e-12 1.08121e-09 5.9946e-11
2.0144 2.66233e-17 4.54747e-12 1.08218e-09 5.99997e-11
2.0148 3.40687e-17 -1.13687e-12 1.08315e-09 6.00534e-11
2.0152 4.33104e-17 -5.40012e-12 1.08412e-09 6.01072e-11
2.0156 5.47169e-17 9.09495e-13 1.08509e-09 6.0161e-11
2.016 6.87195e-17 4.09273e-12 1.08607e-09 6.02148e-11
2.0164 8.58212e-17 5.34328e-12 1.08704e-09 6.02687e-11
2.0168 1.06606e-16 6.13909e-12 1.08801e-09 6.03227e-11
2.0172 1.31752e-16 -8.35598e-12 1.08899e-09 6.03766e-11
2.0176 1.62037e-16 2.16005e-12 1.08997e-09 6.04307e-11
2.018 1.98359e-16 -1.3074e-12 1.09094e-09 6.04847e-11
2.0184 2.41747e-16 3.75167e-12 1.09192e-09 6.05388e-11
2.0188 2.93373e-16 -3.69482e-12 1.0929e-09 6.0593e-11
2.0192 3.54577e-16 -6.87805e-12 1.09388e-09 6.06472e-11
2.0196 4.26879e-16 7.7307e-12 1.09486e-09 6.07014e-11
2.02 5.12e-16 -6.59384e-12 1.09584e-09 6.07557e-11
2.0204 6.11887e-16 -2.55795e-12 1.09682e-09 6.081e-11
2.0208 7.28736e-16 -1.3074e-12 1.0978e-09 6.08644e-11
2.0212 8.65013e-16 -2.50111e-12 1.09879e-09 6.09188e-11
2.0216 1.02349e-15 1.13687e-13 1.09977e-09 6.09732e-11
2.022 1.20727e-15 -6.76437e-12 1.10076e-09 6.10277e-11
2.0224 1.41982e-15 4.20641e-12 1.10174e-09 6.10822e-11
2.0228 1.665e-15 -5.68434e-13 1.10273e-09 6.11368e-11
2.0232 1.94712e-15 -3.63798e-12 1.10372e-09 6.11914e-11
2.0236 2.27095e-15 2.72848e-12 1.1047e-09 6.12461e-11
2.024 2.64181e-15 1.36424e-12 1.10569e-09 6.13008e-11
2.0244 3.06555e-15 -4.37694e-12 1.10668e-09 6.13556e-11
2.0248 3.54867e-15 -5.00222e-12 1.10767e-09 6.14104e-11
2.0252 4.09831e-15 -5.91172e-12 1.10866e-09 6.14652e-11
2.0256 4.72237e-15 -5.68434e-14 1.10966e-09 6.15201e-11
2.026 5.4295e-15 9.32232e-12 1.11065e-09 6.1575e-11
2.0264 6.22924e-15 6.48015e-12 1.11164e-09 6.163e-11
2.0268 7.13203e-15 7.95808e-13 1.11264e-09 6.1685e-11
2.0272 8.1493e-15 1.81899e-12 1.11363e-09 6.174e-11
2.0276 9.29355e-15 6.25278e-12 1.11463e-09 6.17951e-11
2.028 1.05785e-14 -5.11591e-13 1.11562e-09 6.18503e-11
2.0284 1.20189e-14 8.41283e-12 1.11662e-09 6.19055e-11
2.0288 1.36311e-14 4.09273e-12 1.11762e-09 6.19607e-11
2.0292 1.54328e-14 -6.36646e-12 1.11862e-09 6.2016e-11
2.0296 1.74432e-14 -3.86535e-12 1.11962e-09 6.20713e-11
2.03 1.9683e-14 -1.02318e-12 1.12062e-09 6.21266e-11
2.0304 2.21749e-14 2.50111e-12 1.12162e-09 6.21821e-11
2.0308 2.49434e-14 3.29692e-12 1.12262e-09 6.22375e-11
2.0312 2.8015e-14 -1.98952e-12 1.12363e-09 6.2293e-11
2.0316 3.14184e-14 -3.18323e-12 1.12463e-09 6.23485e-11
2.032 3.51844e-14 7.38964e-12 1.12563e-09 6.24041e-11
2.0324 3.93464e-14 4.54747e-13 1.12664e-09 6.24597e-11
2.0328 4.39405e-14 -7.95808e-13 1.12765e-09 6.25154e-11
2.0332 4.90053e-14 3.06954e-12 1.12865e-09 6.25711e-11
2.0336 5.45825e-14 2.27374e-12 1.12966e-09 6.26269e-11
2.034 6.0717e-14 -3.75167e-12 1.13067e-09 6.26827e-11
2.0344 6.74568e-14 3.18323e-12 1.13168e-09 6.27385e-11
2.0348 7.48537e-14 5.68434e-13 1.13269e-09 6.27944e-11
2.0352 8.29629e-14 -4.37694e-12 1.1337e-09 6.28503e-11
2.0356 9.18438e-14 -2.27374e-12 1.13471e-09 6.29063e-11
2.036 1.0156e-13 -6.82121e-12 1.13572e-09 6.29623e-11
2.0364 1.12179e-13 3.63798e-12 1.13674e-09 6.30184e-11
2.0368 1.23774e-13 7.61702e-12 1.13775e-09 6.30745e-11
2.0372 1.36423e-13 5.68434e-12 1.13877e-09 6.31307e-11
2.0376 1.50207e-13 1.03455e-11 1.13978e-09 6.31869e-11
2.038 1.65216e-13 6.0254e-12 1.1408e-09 6.32431e-11
2.0384 1.81544e-13 4.66116e-12 1.14182e-09 6.32994e-11
2.0388 1.9929e-13 1.7053e-12 1.14284e-09 6.33557e-11
2.0392 2.18562e-13 2.16005e-12 1.14385e-09 6.34121e-11
2.0396 2.39473e-13 -2.55795e-12 1.14487e-09 6.34685e-11
2.04 2.62144e-13 3.52429e-12 1.1459e-09 6.3525e-11
2.0404 2.86703e-13 -1.25056e-12 1.14692e-09 6.35815e-11
2.0408 3.13286e-13 -3.97904e-12 1.14794e-09 6.36381e-11
2.0412 3.42038e-13 3.18323e-12 1.14896e-09 6.36947e-11
2.0416 3.73113e-13 4.3201e-12 1.14999e-09 6.37513e-11
2.042 4.06671e-13 5.34328e-12 1.15101e-09 6.3808e-11
2.0424 4.42887e-13 6.82121e-13 1.15204e-09 6.38647e-11
2.0428 4.81941e-13 3.52429e-12 1.15306e-09 6.39215e-11
2.0432 5.24027e-13 -5.68434e-14 1.15409e-09 6.39783e-11
2.0436 5.69349e-13 -1.19371e-12 1.15512e-09 6.40352e-11
2.044 6.18122e-13 -4.60432e-12 1.15615e-09 6.40921e-11
2.0444 6.70574e-13 1.47793e-12 1.15718e-09 6.41491e-11
2.0448 7.26946e-13 -2.27374e-13 1.15821e-09 6.42061e-11
2.0452 7.87492e-13 1.13687e-12 1.15924e-09 6.42631e-11
2.0456 8.52479e-13 -3.12639e-12 1.16027e-09 6.43202e-11
2.046 9.2219e-13 8.52651e-12 1.1613e-09 6.43773e-11
2.0464 9.96923e-13 4.3201e-12 1.16234e-09 6.44345e-11
2.0468 1.07699e-12 7.27596e-12 1.16337e-09 6.44918e-11
2.0472 1.16273e-12 -5.74119e-12 1.16441e-09 6.4549e-11
2.0476 1.25448e-12 -2.04636e-12 1.16544e-09 6.46063e-11
2.048 1.35261e-12 7.04858e-12 1.16648e-09 6.46637e-11
2.0484 1.4575e-12 6.82121e-13 1.16752e-09 6.47211e-11
2.0488 1.56956e-12 -2.27374e-13 1.16856e-09 6.47786e-11
2.0492 1.68922e-12 1.7053e-12 1.1696e-09 6.48361e-11
2.0496 1.81692e-12 3.63798e-12 1.17064e-09 6.48936e-11
2.05 1.95312e-12 1.21645e-11 1.17168e-09 6.49512e-11
2.0504 2.09834e-12 -1.93268e-12 1.17272e-09 6.50088e-11
2.0508 2.25306e-12 -6.25278e-13 1.17376e-09 6.50665e-11
2.0512 2.41785e-12 7.95808e-13 1.17481e-09 6.51242e-11
2.0516 2.59327e-12 2.72848e-12 1.17585e-09 6.5182e-11
2.052 2.77991e-12 1.13687e-13 1.17689e-09 6.52398e-11
2.0524 2.97839e-12 2.6148e-12 1.17794e-09 6.52977e-11
2.0528 3.18937e-12 1.06866e-11 1.17899e-09 6.53556e-11
2.0532 3.41354e-12 4.20641e-12 1.18004e-09 6.54135e-11
2.0536 3.6516e-12 1.36424e-12 1.18108e-09 6.54715e-11
2.054 3.90431e-12 -2.10321e-12 1.18213e-09 6.55296e-11
2.0544 4.17244e-12 9.32232e-12 1.18318e-09 6.55877e-11
2.0548 4.45682e-12 8.18545e-12 1.18423e-09 6.56458e-11
2.0552 4.7583e-12 3.52429e-12 1.18529e-09 6.5704e-11
2.0556 5.07777e-12 4.77485e-12 1.18634e-09 6.57622e-11
2.056 5.41617e-12 1.53477e-11 1.18739e-09 6.58205e-11
2.0564 5.77447e-12 3.86535e-12 1.18845e-09 6.58788e-11
2.0568 6.15368e-12 7.84439e-12 1.1895e-09 6.59372e-11
2.0572 6.55487e-12 1.37561e-11 1.19056e-09 6.59956e-11
2.0576 6.97915e-12 6.48015e-12 1.19161e-09 6.6054e-11
2.058 7.42766e-12 9.20863e-12 1.19267e-09 6.61125e-11
2.0584 7.90161e-12 1.47793e-12 1.19373e-09 6.61711e-11
2.0588 8.40226e-12 1.29603e-11 1.19479e-09 6.62297e-11
2.0592 8.9309e-12 1.21645e-11 1.19585e-09 6.62883e-11
2.0596 9.48891e-12 9.66338e-12 1.19691e-09 6.6347e-11
2.06 1.00777e-11 1.60298e-11 1.19797e-09 6.64057e-11
2.0604 1.06987e-11 9.20863e-12 1.19904e-09 6.64645e-11
2.0608 1.13536e-11 1.10276e-11 1.2001e-09 6.65233e-11
2.0612 1.20438e-11 1.61435e-11 1.20116e-09 6.65822e-11
2.0616 1.2771e-11 1.3074e-11 1.20223e-09 6.66411e-11
2.062 1.35371e-11 1.60298e-11 1.20329e-09 6.67001e-11
2.0624 1.43437e-11 1.71667e-11 1.20436e-09 6.67591e-11
2.0628 1.51928e-11 5.34328e-12 1.20543e-09 6.68181e-11
2.0632 1.60862e-11 5.34328e-12 1.2065e-09 6.68772e-11
2.0636 1.70261e-11 1.44382e-11 1.20757e-09 6.69364e-11
2.064 1.80144e-11 2.08047e-11 1.20864e-09 6.69956e-11
2.0644 1.90534e-11 2.45564e-11 1.20971e-09 6.70548e-11
2.0648 2.01454e-11 1.38698e-11 1.21078e-09 6.71141e-11
2.0652 2.12926e-11 2.26237e-11 1.21185e-09 6.71734e-11
2.0656 2.24975e-11 2.53522e-11 1.21293e-09 6.72328e-11
2.066 2.37627e-11 2.29647e-11 1.214e-09 6.72922e-11
2.0664 2.50907e-11 2.20552e-11 1.21508e-09 6.73517e-11
2.0668 2.64843e-11 3.43334e-11 1.21615e-09 6.74112e-11
2.0672 2.79462e-11 2.60343e-11 1.21723e-09 6.74708e-11
2.0676 2.94795e-11 2.51248e-11 1.21831e-09 6.75304e-11
2.068 3.10871e-11 3.47882e-11 1.21939e-09 6.75901e-11
2.0684 3.27721e-11 3.27418e-11 1.22047e-09 6.76498e-11
2.0688 3.45379e-11 3.28555e-11 1.22155e-09 6.77095e-11
2.0692 3.63877e-11 3.09228e-11 1.22263e-09 6.77693e-11
2.0696 3.83251e-11 3.38787e-11 1.22371e-09 6.78292e-11
2.07 4.03536e-11 4.28599e-11 1.22479e-09 6.78891e-11
2.0704 4.2477e-11 3.49019e-11 1.22588e-09 6.7949e-11
2.0708 4.46992e-11 4.00178e-11 1.22696e-09 6.8009e-11
2.0712 4.7024e-11 4.82032e-11 1.22805e-09 6.8069e-11
2.0716 4.94558e-11 4.67253e-11 1.22913e-09 6.81291e-11
2.072 5.19987e-11 4.20641e-11 1.23022e-09 6.81892e-11
2.0724 5.46572e-11 5.43423e-11 1.23131e-09 6.82494e-11
2.0728 5.74358e-11 5.77529e-11 1.2324e-09 6.83096e-11
2.0732 6.03392e-11 5.42286e-11 1.23349e-09 6.83699e-11
2.0736 6.33724e-11 5.76392e-11 1.23458e-09 6.84302e-11
2.074 6.65404e-11 6.37783e-11 1.23567e-09 6.84906e-11
2.0744 6.98484e-11 7.52607e-11 1.23676e-09 6.8551e-11
2.0748 7.33018e-11 8.13998e-11 1.23785e-09 6.86115e-11
2.0752 7.69061e-11 8.08313e-11 1.23895e-09 6.8672e-11
2.0756 8.0667e-11 7.8785e-11 1.24004e-09 6.87325e-11
2.076 8.45906e-11 9.004e-11 1.24114e-09 6.87931e-11
2.0764 8.8683e-11 7.84439e-11 1.24224e-09 6.88538e-11
2.0768 9.29503e-11 8.91305e-11 1.24333e-09 6.89145e-11
2.0772 9.73993e-11 8.98126e-11 1.24443e-09 6.89752e-11
2.0776 1.02036e-10 1.03e-10 1.24553e-09 6.9036e-11
2.078 1.06869e-10 1.05274e-10 1.24663e-09 6.90968e-11
2.0784 1.11904e-10 1.14483e-10 1.24773e-09 6.91577e-11
2.0788 1.17148e-10 1.19826e-10 1.24883e-09 6.92186e-11
2.0792 1.2261e-10 1.23464e-10 1.24994e-09 6.92796e-11
2.0796 1.28297e-10 1.27102e-10 1.25104e-09 6.93407e-11
2.08 1.34218e-10 1.29489e-10 1.25214e-09 6.94017e-11
2.0804 1.4038e-10 1.32673e-10 1.25325e-09 6.94629e-11
2.0808 1.46792e-10 1.34037e-10 1.25436e-09 6.9524e-11
2.0812 1.53463e-10 1.60753e-10 1.25546e-09 6.95852e-11
2.0816 1.60403e-10 1.59389e-10 1.25657e-09 6.96465e-11
2.082 1.6762e-10 1.70076e-10 1.25768e-09 6.97078e-11
2.0824 1.75124e-10 1.73941e-10 1.25879e-09 6.97692e-11
2.0828 1.82925e-10 1.73827e-10 1.2599e-09 6.98306e-11
2.0832 1.91034e-10 1.87583e-10 1.26101e-09 6.98921e-11
2.0836 1.9946e-10 1.90198e-10 1.26212e-09 6.99536e-11
2.084 2.08216e-10 2.16232e-10 1.26324e-09 7.00151e-11
2.0844 2.17311e-10 2.21576e-10 1.26435e-09 7.00767e-11
2.0848 2.26758e-10 2.22713e-10 1.26546e-09 7.01384e-11
2.0852 2.36568e-10 2.47155e-10 1.26658e-09 7.02001e-11
2.0856 2.46754e-10 2.51589e-10 1.2677e-09 7.02618e-11
2.086 2.57327e-10 2.56932e-10 1.26881e-09 7.03236e-11
2.0864 2.68302e-10 2.66141e-10 1.26993e-09 7.03855e-11
2.0868 2.7969e-10 2.73417e-10 1.27105e-09 7.04473e-11
2.0872 2.91507e-10 2.94335e-10 1.27217e-09 7.05093e-11
2.0876 3.03764e-10 3.05818e-10 1.27329e-09 7.05713e-11
2.088 3.16478e-10 3.2162e-10 1.27441e-09 7.06333e-11
2.0884 3.29663e-10 3.23553e-10 1.27554e-09 7.06954e-11
2.0888 3.43334e-10 3.49132e-10 1.27666e-09 7.07575e-11
2.0892 3.57506e-10 3.5584e-10 1.27779e-09 7.08197e-11
2.0896 3.72196e-10 3.68004e-10 1.27891e-09 7.08819e-11
2.09 3.8742e-10 3.82897e-10 1.28004e-09 7.09442e-11
2.0904 4.03196e-10 4.10182e-10 1.28116e-09 7.10065e-11
2.0908 4.19539e-10 4.16208e-10 1.28229e-09 7.10689e-11
2.0912 4.36469e-10 4.29623e-10 1.28342e-09 7.11313e-11
2.0916 4.54004e-10 4.55202e-10 1.28455e-09 7.11938e-11
2.092 4.72161e-10 4.72596e-10 1.28568e-09 7.12563e-11
2.0924 4.90962e-10 4.91696e-10 1.28681e-09 7.13189e-11
2.0928 5.10425e-10 5.08976e-10 1.28795e-09 7.13815e-11
2.0932 5.30571e-10 5.26938e-10 1.28908e-09 7.14442e-11
2.0936 5.5142e-10 5.49107e-10 1.29021e-09 7.15069e-11
2.094 5.72995e-10 5.74005e-10 1.29135e-09 7.15697e-11
2.0944 5.95317e-10 6.00835e-10 1.29248e-09 7.16325e-11
2.0948 6.18408e-10 6.13568e-10 1.29362e-09 7.16953e-11
2.0952 6.42292e-10 6.50061e-10 1.29476e-09 7.17583e-11
2.0956 6.66993e-10 6.66205e-10 1.2959e-09 7.18212e-11
2.096 6.92534e-10 7.01789e-10 1.29704e-09 7.18842e-11
2.0964 7.18941e-10 7.19979e-10 1.29818e-09 7.19473e-11
2.0968 7.46239e-10 7.39306e-10 1.29932e-09 7.20104e-11
2.0972 7.74455e-10 7.75231e-10 1.30046e-09 7.20736e-11
2.0976 8.03616e-10 8.0604e-10 1.3016e-09 7.21368e-11
2.098 8.33748e-10 8.37758e-10 1.30275e-09 7.22e-11
2.0984 8.6488e-10 8.67544e-10 1.30389e-09 7.22633e-11
2.0988 8.97041e-10 8.89713e-10 1.30504e-09 7.23267e-11
2.0992 9.30262e-10 9.37007e-10 1.30619e-09 7.23901e-11
2.0996 9.64571e-10 9.60767e-10 1.30733e-09 7.24535e-11
2.1 1e-09 9.95556e-10 1.30848e-09 7.2517e-11
