1.91 -3.8742e-10 -3.79714e-10 8.53697e-10 4.66276e-10 -1.24112e-09 4.73525e-11 -3.40068e-10 -4.34773e-10
1.91038 -3.72945e-10 -3.71699e-10 8.54444e-10 4.81499e-10 -1.22739e-09 4.73938e-11 -3.25551e-10 -4.20339e-10
1.91076 -3.58952e-10 -3.57943e-10 8.55191e-10 4.96239e-10 -1.21414e-09 4.74352e-11 -3.11516e-10 -4.06387e-10
1.91114 -3.45427e-10 -3.42766e-10 8.55939e-10 5.10512e-10 -1.20137e-09 4.74767e-11 -2.97951e-10 -3.92904e-10
1.91152 -3.32358e-10 -3.35376e-10 8.56688e-10 5.2433e-10 -1.18905e-09 4.75181e-11 -2.8484e-10 -3.79876e-10
1.9119 -3.1973e-10 -3.21506e-10 8.57437e-10 5.37708e-10 -1.17717e-09 4.75596e-11 -2.7217e-10 -3.67289e-10
1.91228 -3.0753e-10 -3.12298e-10 8.58187e-10 5.50657e-10 -1.16572e-09 4.76011e-11 -2.59929e-10 -3.55131e-10
1.91266 -2.95746e-10 -2.9803e-10 8.58938e-10 5.63192e-10 -1.15468e-09 4.76427e-11 -2.48103e-10 -3.43389e-10
1.91304 -2.84365e-10 -2.8723e-10 8.59689e-10 5.75324e-10 -1.14405e-09 4.76843e-11 -2.3668e-10 -3.32049e-10
1.91342 -2.73375e-10 -2.76714e-10 8.60441e-10 5.87066e-10 -1.13382e-09 4.77259e-11 -2.25649e-10 -3.21101e-10
1.9138 -2.62764e-10 -2.62503e-10 8.61193e-10 5.98429e-10 -1.12396e-09 4.77676e-11 -2.14996e-10 -3.10531e-10
1.91418 -2.5252e-10 -2.5824e-10 8.61946e-10 6.09425e-10 -1.11447e-09 4.78093e-11 -2.04711e-10 -3.0033e-10
1.91456 -2.42634e-10 -2.39879e-10 8.62699e-10 6.20065e-10 -1.10533e-09 4.7851e-11 -1.94783e-10 -2.90485e-10
1.91494 -2.33093e-10 -2.31068e-10 8.63453e-10 6.3036e-10 -1.09655e-09 4.78927e-11 -1.852e-10 -2.80985e-10
1.91532 -2.23886e-10 -2.21405e-10 8.64208e-10 6.40321e-10 -1.08809e-09 4.79345e-11 -1.75952e-10 -2.71821e-10
1.9157 -2.15005e-10 -2.13902e-10 8.64963e-10 6.49958e-10 -1.07997e-09 4.79763e-11 -1.67028e-10 -2.62981e-10
1.91608 -2.06438e-10 -2.10605e-10 8.65719e-10 6.59281e-10 -1.07216e-09 4.80182e-11 -1.5842e-10 -2.54456e-10
1.91646 -1.98176e-10 -1.97758e-10 8.66475e-10 6.68299e-10 -1.06465e-09 4.80601e-11 -1.50116e-10 -2.46236e-10
1.91684 -1.90209e-10 -1.9179e-10 8.67232e-10 6.77023e-10 -1.05744e-09 4.8102e-11 -1.42107e-10 -2.38311e-10
1.91722 -1.82528e-10 -1.89118e-10 8.67989e-10 6.85462e-10 -1.05052e-09 4.81439e-11 -1.34384e-10 -2.30672e-10
1.9176 -1.75124e-10 -1.77579e-10 8.68747e-10 6.93624e-10 -1.04387e-09 4.81859e-11 -1.26938e-10 -2.2331e-10
1.91798 -1.67988e-10 -1.73031e-10 8.69506e-10 7.01518e-10 -1.03749e-09 4.82279e-11 -1.1976e-10 -2.16216e-10
1.91836 -1.61112e-10 -1.64221e-10 8.70265e-10 7.09154e-10 -1.03138e-09 4.827e-11 -1.12842e-10 -2.09382e-10
1.91874 -1.54487e-10 -1.52284e-10 8.71025e-10 7.16539e-10 -1.02551e-09 4.8312e-11 -1.06175e-10 -2.02799e-10
1.91912 -1.48105e-10 -1.48816e-10 8.71786e-10 7.23681e-10 -1.01989e-09 4.83541e-11 -9.97511e-11 -1.96459e-10
1.9195 -1.41959e-10 -1.39153e-10 8.72547e-10 7.30588e-10 -1.01451e-09 4.83963e-11 -9.35627e-11 -1.90355e-10
1.91988 -1.36041e-10 -1.38755e-10 8.73308e-10 7.37268e-10 -1.00935e-09 4.84385e-11 -8.76021e-11 -1.84479e-10
1.92026 -1.30343e-10 -1.37845e-10 8.74071e-10 7.43728e-10 -1.00441e-09 4.84807e-11 -8.18619e-11 -1.78823e-10
1.92064 -1.24858e-10 -1.22895e-10 8.74834e-10 7.49976e-10 -9.99691e-10 4.85229e-11 -7.63347e-11 -1.7338e-10
1.92102 -1.19579e-10 -1.19257e-10 8.75597e-10 7.56018e-10 -9.95176e-10 4.85652e-11 -7.10136e-11 -1.68144e-10
1.9214 -1.14499e-10 -1.16927e-10 8.76361e-10 7.61862e-10 -9.9086e-10 4.86075e-11 -6.58919e-11 -1.63107e-10
1.92178 -1.09613e-10 -1.09083e-10 8.77126e-10 7.67513e-10 -9.86738e-10 4.86498e-11 -6.09627e-11 -1.58262e-10
1.92216 -1.04912e-10 -1.02432e-10 8.77891e-10 7.72979e-10 -9.82803e-10 4.86922e-11 -5.62199e-11 -1.53604e-10
1.92254 -1.00392e-10 -1.00897e-10 8.78657e-10 7.78265e-10 -9.79048e-10 4.87346e-11 -5.1657e-11 -1.49126e-10
1.92292 -9.60451e-11 -1.02546e-10 8.79423e-10 7.83378e-10 -9.75468e-10 4.8777e-11 -4.72681e-11 -1.44822e-10
1.9233 -9.18667e-11 -9.55538e-11 8.8019e-10 7.88323e-10 -9.72057e-10 4.88195e-11 -4.30473e-11 -1.40686e-10
1.92368 -8.78507e-11 -8.78231e-11 8.80958e-10 7.93107e-10 -9.68808e-10 4.8862e-11 -3.89887e-11 -1.36713e-10
1.92406 -8.39915e-11 -7.70228e-11 8.81726e-10 7.97734e-10 -9.65717e-10 4.89045e-11 -3.5087e-11 -1.32896e-10
1.92444 -8.02837e-11 -8.31619e-11 8.82494e-10 8.02211e-10 -9.62778e-10 4.89471e-11 -3.13366e-11 -1.29231e-10
1.92482 -7.67222e-11 -7.48628e-11 8.83264e-10 8.06542e-10 -9.59986e-10 4.89897e-11 -2.77325e-11 -1.25712e-10
1.9252 -7.33018e-11 -7.09406e-11 8.84034e-10 8.10732e-10 -9.57335e-10 4.90323e-11 -2.42694e-11 -1.22334e-10
1.92558 -7.00176e-11 -6.99742e-11 8.84804e-10 8.14787e-10 -9.54822e-10 4.9075e-11 -2.09426e-11 -1.19093e-10
1.92596 -6.68648e-11 -6.80416e-11 8.85575e-10 8.18711e-10 -9.5244e-10 4.91177e-11 -1.77471e-11 -1.15982e-10
1.92634 -6.38389e-11 -6.87237e-11 8.86347e-10 8.22508e-10 -9.50186e-10 4.91604e-11 -1.46785e-11 -1.12999e-10
1.92672 -6.09353e-11 -5.63318e-11 8.8712e-10 8.26184e-10 -9.48055e-10 4.92032e-11 -1.17322e-11 -1.10138e-10
1.9271 -5.81497e-11 -6.05382e-11 8.87892e-10 8.29743e-10 -9.46042e-10 4.9246e-11 -8.90377e-12 -1.07396e-10
1.92748 -5.54779e-11 -6.01403e-11 8.88666e-10 8.33188e-10 -9.44144e-10 4.92888e-11 -6.18912e-12 -1.04767e-10
1.92786 -5.29158e-11 -5.13865e-11 8.8944e-10 8.36524e-10 -9.42356e-10 4.93317e-11 -3.58412e-12 -1.02247e-10
1.92824 -5.04594e-11 -5.31486e-11 8.90215e-10 8.39756e-10 -9.40674e-10 4.93746e-11 -1.08482e-12 -9.98339e-11
1.92862 -4.81049e-11 -4.72369e-11 8.9099e-10 8.42885e-10 -9.39095e-10 4.94175e-11 1.31263e-12 -9.75223e-11
1.929 -4.58485e-11 -4.88285e-11 8.91766e-10 8.45918e-10 -9.37615e-10 4.94604e-11 3.61195e-12 -9.53089e-11
1.92938 -4.36867e-11 -4.63842e-11 8.92543e-10 8.48856e-10 -9.36229e-10 4.95034e-11 5.81673e-12 -9.31902e-11
1.92976 -4.1616e-11 -4.39968e-11 8.9332e-10 8.51704e-10 -9.34936e-10 4.95465e-11 7.93045e-12 -9.11625e-11
1.93014 -3.9633e-11 -3.72324e-11 8.94098e-10 8.54465e-10 -9.33731e-10 4.95895e-11 9.95651e-12 -8.92226e-11
1.93052 -3.77345e-11 -4.12683e-11 8.94876e-10 8.57141e-10 -9.3261e-10 4.96326e-11 1.18982e-11 -8.73671e-11
1.9309 -3.59172e-11 -3.64935e-11 8.95655e-10 8.59738e-10 -9.31572e-10 4.96758e-11 1.37586e-11 -8.5593e-11
1.93128 -3.41781e-11 -2.70006e-11 8.96434e-10 8.62256e-10 -9.30613e-10 4.97189e-11 1.55408e-11 -8.38971e-11
1.93166 -3.25143e-11 -3.53566e-11 8.97215e-10 8.647e-10 -9.29729e-10 4.97621e-11 1.72478e-11 -8.22764e-11
1.93204 -3.09229e-11 -2.48406e-11 8.97995e-10 8.67072e-10 -9.28918e-10 4.98053e-11 1.88824e-11 -8.07282e-11
1.93242 -2.94011e-11 -2.5409e-11 8.98777e-10 8.69376e-10 -9.28178e-10 4.98486e-11 2.04475e-11 -7.92497e-11
1.9328 -2.79462e-11 -2.8308e-11 8.99559e-10 8.71612e-10 -9.27505e-10 4.98919e-11 2.19457e-11 -7.78381e-11
1.93318 -2.65557e-11 -2.4329e-11 9.00341e-10 8.73785e-10 -9.26897e-10 4.99352e-11 2.33795e-11 -7.6491e-11
1.93356 -2.52271e-11 -2.251e-11 9.01124e-10 8.75897e-10 -9.26351e-10 4.99786e-11 2.47515e-11 -7.52056e-11
1.93394 -2.39578e-11 -3.00702e-11 9.01908e-10 8.7795e-10 -9.25866e-10 5.0022e-11 2.60642e-11 -7.39798e-11
1.93432 -2.27456e-11 -2.64322e-11 9.02693e-10 8.79947e-10 -9.25438e-10 5.00654e-11 2.73198e-11 -7.28111e-11
1.9347 -2.15883e-11 -2.77396e-11 9.03478e-10 8.81889e-10 -9.25066e-10 5.01089e-11 2.85206e-11 -7.16972e-11
1.93508 -2.04836e-11 -2.05205e-11 9.04263e-10 8.8378e-10 -9.24747e-10 5.01524e-11 2.96688e-11 -7.0636e-11
1.93546 -1.94295e-11 -1.8872e-11 9.05049e-10 8.8562e-10 -9.24479e-10 5.01959e-11 3.07664e-11 -6.96254e-11
1.93584 -1.84238e-11 -1.81331e-11 9.05836e-10 8.87412e-10 -9.2426e-10 5.02395e-11 3.18157e-11 -6.86633e-11
1.93622 -1.74647e-11 -2.39879e-11 9.06624e-10 8.89159e-10 -9.24088e-10 5.02831e-11 3.28184e-11 -6.77477e-11
1.9366 -1.65502e-11 -1.82467e-11 9.07412e-10 8.90861e-10 -9.23962e-10 5.03267e-11 3.37765e-11 -6.68769e-11
1.93698 -1.56785e-11 -1.7053e-11 9.082e-10 8.92522e-10 -9.23879e-10 5.03703e-11 3.46918e-11 -6.60489e-11
1.93736 -1.48479e-11 -1.91562e-11 9.08989e-10 8.94142e-10 -9.23837e-10 5.0414e-11 3.55661e-11 -6.5262e-11
1.93774 -1.40567e-11 -1.47224e-11 9.09779e-10 8.95723e-10 -9.23836e-10 5.04578e-11 3.64011e-11 -6.45144e-11
1.93812 -1.33031e-11 -1.33582e-11 9.1057e-10 8.97267e-10 -9.23873e-10 5.05015e-11 3.71984e-11 -6.38046e-11
1.9385 -1.25857e-11 -8.41283e-12 9.11361e-10 8.98775e-10 -9.23947e-10 5.05453e-11 3.79597e-11 -6.3131e-11
1.93888 -1.19028e-11 -8.07177e-12 9.12153e-10 9.0025e-10 -9.24055e-10 5.05892e-11 3.86863e-11 -6.2492e-11
1.93926 -1.12531e-11 -3.18323e-12 9.12945e-10 9.01692e-10 -9.24198e-10 5.0633e-11 3.93799e-11 -6.18862e-11
1.93964 -1.06351e-11 -1.21076e-11 9.13738e-10 9.03103e-10 -9.24373e-10 5.06769e-11 4.00418e-11 -6.13121e-11
1.94002 -1.00475e-11 -1.08571e-11 9.14531e-10 9.04484e-10 -9.24579e-10 5.07209e-11 4.06734e-11 -6.07684e-11
1.9404 -9.48891e-12 -7.3328e-12 9.15325e-10 9.05837e-10 -9.24814e-10 5.07648e-11 4.12759e-11 -6.02537e-11
1.94078 -8.95809e-12 -5.22959e-12 9.1612e-10 9.07162e-10 -9.25078e-10 5.08088e-11 4.18507e-11 -5.97669e-11
1.94116 -8.45384e-12 -2.33058e-12 9.16916e-10 9.08462e-10 -9.25369e-10 5.08529e-11 4.2399e-11 -5.93067e-11
1.94154 -7.97497e-12 -2.78533e-12 9.17712e-10 9.09737e-10 -9.25686e-10 5.08969e-11 4.2922e-11 -5.88719e-11
1.94192 -7.52037e-12 -8.69704e-12 9.18508e-10 9.10988e-10 -9.26028e-10 5.0941e-11 4.34207e-11 -5.84614e-11
1.9423 -7.08896e-12 -5.51381e-12 9.19305e-10 9.12216e-10 -9.26394e-10 5.09852e-11 4.38962e-11 -5.80741e-11
1.94268 -6.67968e-12 -1.6712e-11 9.20103e-10 9.13423e-10 -9.26783e-10 5.10293e-11 4.43497e-11 -5.7709e-11
1.94306 -6.29154e-12 -6.13909e-12 9.20902e-10 9.1461e-10 -9.27193e-10 5.10735e-11 4.4782e-11 -5.73651e-11
1.94344 -5.92358e-12 -8.86757e-12 9.21701e-10 9.15777e-10 -9.27624e-10 5.11178e-11 4.51942e-11 -5.70414e-11
1.94382 -5.57488e-12 -1.64846e-12 9.225e-10 9.16925e-10 -9.28075e-10 5.1162e-11 4.55872e-11 -5.67369e-11
1.9442 -5.24454e-12 -4.83169e-12 9.23301e-10 9.18056e-10 -9.28545e-10 5.12063e-11 4.59618e-11 -5.64509e-11
1.94458 -4.93172e-12 2.95586e-12 9.24101e-10 9.1917e-10 -9.29033e-10 5.12507e-11 4.6319e-11 -5.61824e-11
1.94496 -4.6356e-12 -4.26326e-12 9.24903e-10 9.20267e-10 -9.29539e-10 5.12951e-11 4.66595e-11 -5.59307e-11
1.94534 -4.35539e-12 -4.88853e-12 9.25705e-10 9.2135e-10 -9.3006e-10 5.13395e-11 4.69841e-11 -5.56949e-11
1.94572 -4.09033e-12 3.41061e-13 9.26508e-10 9.22418e-10 -9.30598e-10 5.13839e-11 4.72936e-11 -5.54742e-11
1.9461 -3.83971e-12 -2.33058e-12 9.27311e-10 9.23471e-10 -9.31151e-10 5.14284e-11 4.75887e-11 -5.52681e-11
1.94648 -3.60284e-12 -3.0127e-12 9.28115e-10 9.24512e-10 -9.31718e-10 5.14729e-11 4.78701e-11 -5.50757e-11
1.94686 -3.37904e-12 -7.21911e-12 9.2892e-10 9.25541e-10 -9.32299e-10 5.15174e-11 4.81384e-11 -5.48965e-11
1.94724 -3.16769e-12 -3.75167e-12 9.29725e-10 9.26557e-10 -9.32893e-10 5.1562e-11 4.83943e-11 -5.47297e-11
1.94762 -2.96817e-12 -5.51381e-12 9.30531e-10 9.27563e-10 -9.33499e-10 5.16066e-11 4.86385e-11 -5.45748e-11
1.948 -2.77991e-12 -6.25278e-13 9.31337e-10 9.28557e-10 -9.34117e-10 5.16513e-11 4.88714e-11 -5.44312e-11
1.94838 -2.60233e-12 -2.95586e-12 9.32144e-10 9.29542e-10 -9.34747e-10 5.1696e-11 4.90936e-11 -5.42983e-11
1.94876 -2.43491e-12 -6.65068e-12 9.32952e-10 9.30517e-10 -9.35387e-10 5.17407e-11 4.93058e-11 -5.41756e-11
1.94914 -2.27713e-12 5.68434e-12 9.33761e-10 9.31483e-10 -9.36038e-10 5.17854e-11 4.95083e-11 -5.40625e-11
1.94952 -2.1285e-12 -3.18323e-12 9.34569e-10 9.32441e-10 -9.36698e-10 5.18302e-11 4.97017e-11 -5.39587e-11
1.9499 -1.98856e-12 -7.38964e-13 9.35379e-10 9.3339e-10 -9.37368e-10 5.1875e-11 4.98865e-11 -5.38636e-11
1.95028 -1.85686e-12 -2.84217e-13 9.36189e-10 9.34332e-10 -9.38046e-10 5.19199e-11 5.0063e-11 -5.37767e-11
1.95066 -1.73298e-12 -2.72848e-12 9.37e-10 9.35267e-10 -9.38733e-10 5.19648e-11 5.02318e-11 -5.36977e-11
1.95104 -1.61649e-12 -7.90124e-12 9.37812e-10 9.36195e-10 -9.39428e-10 5.20097e-11 5.03932e-11 -5.36262e-11
1.95142 -1.50702e-12 -2.84217e-13 9.38624e-10 9.37117e-10 -9.40131e-10 5.20546e-11 5.05476e-11 -5.35617e-11
1.9518 -1.40418e-12 -2.72848e-12 9.39436e-10 9.38032e-10 -9.4084e-10 5.20996e-11 5.06954e-11 -5.35038e-11
1.95218 -1.30763e-12 -2.84217e-13 9.4025e-10 9.38942e-10 -9.41557e-10 5.21447e-11 5.0837e-11 -5.34523e-11
1.95256 -1.21703e-12 5.11591e-12 9.41064e-10 9.39847e-10 -9.42281e-10 5.21897e-11 5.09727e-11 -5.34067e-11
1.95294 -1.13205e-12 -5.17275e-12 9.41878e-10 9.40746e-10 -9.4301e-10 5.22348e-11 5.11028e-11 -5.33669e-11
1.95332 -1.05239e-12 2.84217e-12 9.42693e-10 9.41641e-10 -9.43746e-10 5.22799e-11 5.12275e-11 -5.33323e-11
1.9537 -9.77752e-13 -2.21689e-12 9.43509e-10 9.42531e-10 -9.44487e-10 5.23251e-11 5.13473e-11 -5.33029e-11
1.95408 -9.07856e-13 2.38742e-12 9.44326e-10 9.43418e-10 -9.45234e-10 5.23703e-11 5.14624e-11 -5.32782e-11
1.95446 -8.42437e-13 1.13687e-13 9.45143e-10 9.443e-10 -9.45985e-10 5.24155e-11 5.15731e-11 -5.3258e-11
1.95484 -7.81242e-13 -3.12639e-12 9.4596e-10 9.45179e-10 -9.46742e-10 5.24608e-11 5.16796e-11 -5.3242e-11
1.95522 -7.2403e-13 5.68434e-13 9.46779e-10 9.46055e-10 -9.47503e-10 5.25061e-11 5.17821e-11 -5.32301e-11
1.9556 -6.70574e-13 1.36424e-12 9.47598e-10 9.46927e-10 -9.48268e-10 5.25514e-11 5.18809e-11 -5.3222e-11
1.95598 -6.20655e-13 -5.05906e-12 9.48417e-10 9.47797e-10 -9.49038e-10 5.25968e-11 5.19762e-11 -5.32175e-11
1.95636 -5.74067e-13 8.98126e-12 9.49238e-10 9.48664e-10 -9.49812e-10 5.26422e-11 5.20681e-11 -5.32163e-11
1.95674 -5.30614e-13 6.48015e-12 9.50059e-10 9.49528e-10 -9.50589e-10 5.26877e-11 5.2157e-11 -5.32183e-11
1.95712 -4.90109e-13 -1.81899e-12 9.5088e-10 9.5039e-10 -9.5137e-10 5.27331e-11 5.2243e-11 -5.32232e-11
1.9575 -4.52377e-13 -6.82121e-13 9.51702e-10 9.5125e-10 -9.52155e-10 5.27786e-11 5.23263e-11 -5.3231e-11
1.95788 -4.17249e-13 2.72848e-12 9.52525e-10 9.52108e-10 -9.52942e-10 5.28242e-11 5.24069e-11 -5.32414e-11
1.95826 -3.84567e-13 4.54747e-12 9.53348e-10 9.52964e-10 -9.53733e-10 5.28698e-11 5.24852e-11 -5.32543e-11
1.95864 -3.54181e-13 -3.18323e-12 9.54172e-10 9.53818e-10 -9.54526e-10 5.29154e-11 5.25612e-11 -5.32696e-11
1.95902 -3.25947e-13 2.6148e-12 9.54997e-10 9.54671e-10 -9.55323e-10 5.2961e-11 5.26351e-11 -5.3287e-11
1.9594 -2.99733e-13 -2.38742e-12 9.55822e-10 9.55523e-10 -9.56122e-10 5.30067e-11 5.2707e-11 -5.33064e-11
1.95978 -2.75409e-13 3.41061e-12 9.56648e-10 9.56373e-10 -9.56924e-10 5.30524e-11 5.2777e-11 -5.33278e-11
1.96016 -2.52856e-13 -6.25278e-13 9.57475e-10 9.57222e-10 -9.57728e-10 5.30982e-11 5.28453e-11 -5.3351e-11
1.96054 -2.3196e-13 -1.25056e-12 9.58302e-10 9.5807e-10 -9.58534e-10 5.3144e-11 5.2912e-11 -5.33759e-11
1.96092 -2.12614e-13 1.47793e-12 9.5913e-10 9.58917e-10 -9.59342e-10 5.31898e-11 5.29772e-11 -5.34024e-11
1.9613 -1.94715e-13 4.77485e-12 9.59958e-10 9.59764e-10 -9.60153e-10 5.32357e-11 5.30409e-11 -5.34304e-11
1.96168 -1.78168e-13 -2.04636e-12 9.60787e-10 9.60609e-10 -9.60965e-10 5.32816e-11 5.31034e-11 -5.34597e-11
1.96206 -1.62883e-13 6.82121e-13 9.61617e-10 9.61454e-10 -9.6178e-10 5.33275e-11 5.31646e-11 -5.34904e-11
1.96244 -1.48775e-13 -1.98952e-12 9.62447e-10 9.62299e-10 -9.62596e-10 5.33734e-11 5.32247e-11 -5.35222e-11
1.96282 -1.35764e-13 -4.54747e-13 9.63278e-10 9.63143e-10 -9.63414e-10 5.34194e-11 5.32837e-11 -5.35552e-11
1.9632 -1.23774e-13 1.81899e-12 9.6411e-10 9.63986e-10 -9.64234e-10 5.34655e-11 5.33417e-11 -5.35893e-11
1.96358 -1.12735e-13 -3.41061e-12 9.64942e-10 9.6483e-10 -9.65055e-10 5.35116e-11 5.33988e-11 -5.36243e-11
1.96396 -1.0258e-13 4.09273e-12 9.65775e-10 9.65673e-10 -9.65878e-10 5.35577e-11 5.34551e-11 -5.36602e-11
1.96434 -9.32464e-14 -4.54747e-12 9.66609e-10 9.66516e-10 -9.66702e-10 5.36038e-11 5.35106e-11 -5.3697e-11
1.96472 -8.46754e-14 2.27374e-13 9.67443e-10 9.67358e-10 -9.67528e-10 5.365e-11 5.35653e-11 -5.37347e-11
1.9651 -7.6812e-14 -3.46745e-12 9.68278e-10 9.68201e-10 -9.68355e-10 5.36962e-11 5.36194e-11 -5.3773e-11
1.96548 -6.96045e-14 1.13687e-13 9.69113e-10 9.69044e-10 -9.69183e-10 5.37424e-11 5.36728e-11 -5.3812e-11
1.96586 -6.30045e-14 1.7053e-12 9.6995e-10 9.69887e-10 -9.70013e-10 5.37887e-11 5.37257e-11 -5.38517e-11
1.96624 -5.69668e-14 -5.40012e-12 9.70786e-10 9.70729e-10 -9.70843e-10 5.3835e-11 5.37781e-11 -5.3892e-11
1.96662 -5.1449e-14 -2.84217e-13 9.71624e-10 9.71572e-10 -9.71675e-10 5.38814e-11 5.38299e-11 -5.39328e-11
1.967 -4.64115e-14 -3.46745e-12 9.72462e-10 9.72415e-10 -9.72508e-10 5.39278e-11 5.38814e-11 -5.39742e-11
1.96738 -4.18173e-14 -1.7053e-13 9.733e-10 9.73259e-10 -9.73342e-10 5.39742e-11 5.39324e-11 -5.4016e-11
1.96776 -3.76318e-14 -7.38964e-13 9.7414e-10 9.74102e-10 -9.74177e-10 5.40207e-11 5.3983e-11 -5.40583e-11
1.96814 -3.3823e-14 -5.68434e-13 9.7498e-10 9.74946e-10 -9.75014e-10 5.40672e-11 5.40333e-11 -5.4101e-11
1.96852 -3.03608e-14 2.38742e-12 9.7582e-10 9.7579e-10 -9.75851e-10 5.41137e-11 5.40833e-11 -5.4144e-11
1.9689 -2.72172e-14 -3.18323e-12 9.76662e-10 9.76634e-10 -9.76689e-10 5.41603e-11 5.4133e-11 -5.41875e-11
1.96928 -2.43664e-14 1.7053e-12 9.77504e-10 9.77479e-10 -9.77528e-10 5.42069e-11 5.41825e-11 -5.42312e-11
1.96966 -2.17841e-14 1.59162e-12 9.78346e-10 9.78324e-10 -9.78368e-10 5.42535e-11 5.42317e-11 -5.42753e-11
1.97004 -1.94481e-14 -2.89901e-12 9.79189e-10 9.7917e-10 -9.79209e-10 5.43002e-11 5.42807e-11 -5.43196e-11
1.97042 -1.73374e-14 -3.41061e-13 9.80033e-10 9.80016e-10 -9.80051e-10 5.43469e-11 5.43295e-11 -5.43642e-11
1.9708 -1.54328e-14 -1.42109e-12 9.80878e-10 9.80862e-10 -9.80893e-10 5.43936e-11 5.43782e-11 -5.4409e-11
1.97118 -1.37166e-14 -3.58114e-12 9.81723e-10 9.81709e-10 -9.81737e-10 5.44404e-11 5.44267e-11 -5.44541e-11
1.97156 -1.21721e-14 -9.09495e-13 9.82569e-10 9.82556e-10 -9.82581e-10 5.44872e-11 5.4475e-11 -5.44994e-11
1.97194 -1.07842e-14 -1.42109e-12 9.83415e-10 9.83404e-10 -9.83426e-10 5.45341e-11 5.45233e-11 -5.45448e-11
1.97232 -9.53882e-15 2.72848e-12 9.84262e-10 9.84253e-10 -9.84272e-10 5.45809e-11 5.45714e-11 -5.45905e-11
1.9727 -8.42294e-15 -2.6148e-12 9.8511e-10 9.85101e-10 -9.85118e-10 5.46279e-11 5.46194e-11 -5.46363e-11
1.97308 -7.42464e-15 1.7053e-12 9.85958e-10 9.85951e-10 -9.85966e-10 5.46748e-11 5.46674e-11 -5.46822e-11
1.97346 -6.53293e-15 -3.0127e-12 9.86807e-10 9.86801e-10 -9.86814e-10 5.47218e-11 5.47153e-11 -5.47284e-11
1.97384 -5.73772e-15 3.97904e-12 9.87657e-10 9.87651e-10 -9.87663e-10 5.47688e-11 5.47631e-11 -5.47746e-11
1.97422 -5.02975e-15 6.0254e-12 9.88507e-10 9.88502e-10 -9.88512e-10 5.48159e-11 5.48109e-11 -5.48209e-11
1.9746 -4.40051e-15 2.27374e-12 9.89358e-10 9.89354e-10 -9.89363e-10 5.4863e-11 5.48586e-11 -5.48674e-11
1.97498 -3.84225e-15 1.02318e-12 9.9021e-10 9.90206e-10 -9.90214e-10 5.49102e-11 5.49063e-11 -5.4914e-11
1.97536 -3.34785e-15 -2.10321e-12 9.91062e-10 9.91059e-10 -9.91066e-10 5.49573e-11 5.4954e-11 -5.49607e-11
1.97574 -2.91083e-15 -1.19371e-12 9.91915e-10 9.91912e-10 -9.91918e-10 5.50045e-11 5.50016e-11 -5.50074e-11
1.97612 -2.52528e-15 2.6148e-12 9.92769e-10 9.92766e-10 -9.92771e-10 5.50518e-11 5.50493e-11 -5.50543e-11
1.9765 -2.1858e-15 4.09273e-12 9.93623e-10 9.93621e-10 -9.93625e-10 5.50991e-11 5.50969e-11 -5.51012e-11
1.97688 -1.88752e-15 -3.41061e-12 9.94478e-10 9.94476e-10 -9.9448e-10 5.51464e-11 5.51445e-11 -5.51483e-11
1.97726 -1.62598e-15 3.97904e-12 9.95333e-10 9.95332e-10 -9.95335e-10 5.51937e-11 5.51921e-11 -5.51954e-11
1.97764 -1.39716e-15 -4.60432e-12 9.9619e-10 9.96188e-10 -9.96191e-10 5.52411e-11 5.52397e-11 -5.52425e-11
1.97802 -1.19743e-15 3.86535e-12 9.97046e-10 9.97045e-10 -9.97048e-10 5.52885e-11 5.52873e-11 -5.52897e-11
1.9784 -1.02349e-15 1.02318e-12 9.97904e-10 9.97903e-10 -9.97905e-10 5.5336e-11 5.5335e-11 -5.5337e-11
1.97878 -8.72385e-16 -2.27374e-13 9.98762e-10 9.98761e-10 -9.98763e-10 5.53835e-11 5.53826e-11 -5.53844e-11
1.97916 -7.41446e-16 3.63798e-12 9.99621e-10 9.9962e-10 -9.99622e-10 5.5431e-11 5.54303e-11 -5.54318e-11
1.97954 -6.28276e-16 -3.86535e-12 1.00048e-09 1.00048e-09 -1.00048e-09 5.54786e-11 5.5478e-11 -5.54792e-11
1.97992 -5.3073e-16 -1.42109e-12 1.00134e-09 1.00134e-09 -1.00134e-09 5.55262e-11 5.55257e-11 -5.55267e-11
1.9803 -4.46885e-16 -1.93268e-12 1.0022e-09 1.0022e-09 -1.0022e-09 5.55739e-11 5.55734e-11 -5.55743e-11
1.98068 -3.75028e-16 4.20641e-12 1.00306e-09 1.00306e-09 -1.00306e-09 5.56215e-11 5.56212e-11 -5.56219e-11
1.98106 -3.13632e-16 -7.7307e-12 1.00392e-09 1.00392e-09 -1.00393e-09 5.56693e-11 5.56689e-11 -5.56696e-11
1.98144 -2.61338e-16 -1.7053e-13 1.00479e-09 1.00479e-09 -1.00479e-09 5.5717e-11 5.57167e-11 -5.57173e-11
1.98182 -2.16943e-16 -1.81899e-12 1.00565e-09 1.00565e-09 -1.00565e-09 5.57648e-11 5.57646e-11 -5.5765e-11
1.9822 -1.79382e-16 4.20641e-12 1.00652e-09 1.00652e-09 -1.00652e-09 5.58126e-11 5.58124e-11 -5.58128e-11
1.98258 -1.47718e-16 -1.7053e-13 1.00738e-09 1.00738e-09 -1.00738e-09 5.58605e-11 5.58603e-11 -5.58606e-11
1.98296 -1.21123e-16 -2.6148e-12 1.00825e-09 1.00825e-09 -1.00825e-09 5.59084e-11 5.59082e-11 -5.59085e-11
1.98334 -9.88724e-17 2.38742e-12 1.00911e-09 1.00911e-09 -1.00911e-09 5.59563e-11 5.59562e-11 -5.59564e-11
1.98372 -8.03322e-17 -2.21689e-12 1.00998e-09 1.00998e-09 -1.00998e-09 5.60043e-11 5.60042e-11 -5.60044e-11
1.9841 -6.49492e-17 -9.09495e-13 1.01085e-09 1.01085e-09 -1.01085e-09 5.60523e-11 5.60522e-11 -5.60523e-11
1.98448 -5.22427e-17 -8.12861e-12 1.01171e-09 1.01171e-09 -1.01171e-09 5.61003e-11 5.61003e-11 -5.61004e-11
1.98486 -4.17958e-17 -1.19371e-12 1.01258e-09 1.01258e-09 -1.01258e-09 5.61484e-11 5.61484e-11 -5.61484e-11
1.98524 -3.32489e-17 -7.50333e-12 1.01345e-09 1.01345e-09 -1.01345e-09 5.61965e-11 5.61965e-11 -5.61966e-11
1.98562 -2.62924e-17 4.20641e-12 1.01432e-09 1.01432e-09 -1.01432e-09 5.62447e-11 5.62446e-11 -5.62447e-11
1.986 -2.0661e-17 -1.53477e-12 1.01519e-09 1.01519e-09 -1.01519e-09 5.62929e-11 5.62928e-11 -5.62929e-11
1.98638 -1.61285e-17 -4.54747e-13 1.01606e-09 1.01606e-09 -1.01606e-09 5.63411e-11 5.63411e-11 -5.63411e-11
1.98676 -1.25024e-17 3.63798e-12 1.01694e-09 1.01694e-09 -1.01694e-09 5.63893e-11 5.63893e-11 -5.63894e-11
1.98714 -9.61986e-18 1.7053e-12 1.01781e-09 1.01781e-09 -1.01781e-09 5.64376e-11 5.64376e-11 -5.64377e-11
1.98752 -7.34398e-18 7.27596e-12 1.01868e-09 1.01868e-09 -1.01868e-09 5.6486e-11 5.6486e-11 -5.6486e-11
1.9879 -5.55992e-18 -2.38742e-12 1.01956e-09 1.01956e-09 -1.01956e-09 5.65344e-11 5.65343e-11 -5.65344e-11
1.98828 -4.17204e-18 3.63798e-12 1.02043e-09 1.02043e-09 -1.02043e-09 5.65828e-11 5.65828e-11 -5.65828e-11
1.98866 -3.10111e-18 1.13687e-12 1.02131e-09 1.02131e-09 -1.02131e-09 5.66312e-11 5.66312e-11 -5.66312e-11
1.98904 -2.28189e-18 -1.59162e-12 1.02218e-09 1.02218e-09 -1.02218e-09 5.66797e-11 5.66797e-11 -5.66797e-11
1.98942 -1.66101e-18 -2.72848e-12 1.02306e-09 1.02306e-09 -1.02306e-09 5.67282e-11 5.67282e-11 -5.67282e-11
1.9898 -1.19509e-18 9.09495e-12 1.02394e-09 1.02394e-09 -1.02394e-09 5.67768e-11 5.67768e-11 -5.67768e-11
1.99018 -8.49187e-19 -1.93268e-12 1.02481e-09 1.02481e-09 -1.02481e-09 5.68254e-11 5.68254e-11 -5.68254e-11
1.99056 -5.95317e-19 5.68434e-13 1.02569e-09 1.02569e-09 -1.02569e-09 5.6874e-11 5.6874e-11 -5.6874e-11
1.99094 -4.11295e-19 -7.95808e-13 1.02657e-09 1.02657e-09 -1.02657e-09 5.69227e-11 5.69227e-11 -5.69227e-11
1.99132 -2.7969e-19 -2.84217e-13 1.02745e-09 1.02745e-09 -1.02745e-09 5.69714e-11 5.69714e-11 -5.69714e-11
1.9917 -1.8694e-19 9.09495e-13 1.02833e-09 1.02833e-09 -1.02833e-09 5.70201e-11 5.70201e-11 -5.70201e-11
1.99208 -1.2261e-19 5.22959e-12 1.02921e-09 1.02921e-09 -1.02921e-09 5.70689e-11 5.70689e-11 -5.70689e-11
1.99246 -7.87666e-20 -1.13687e-13 1.0301e-09 1.0301e-09 -1.0301e-09 5.71177e-11 5.71177e-11 -5.71177e-11
1.99284 -4.94558e-20 -4.54747e-13 1.03098e-09 1.03098e-09 -1.03098e-09 5.71665e-11 5.71665e-11 -5.71665e-11
1.99322 -3.02738e-20 1.02318e-12 1.03186e-09 1.03186e-09 -1.03186e-09 5.72154e-11 5.72154e-11 -5.72154e-11
1.9936 -1.80144e-20 -1.81899e-12 1.03275e-09 1.03275e-09 -1.03275e-09 5.72644e-11 5.72644e-11 -5.72644e-11
1.99398 -1.03841e-20 2.6148e-12 1.03363e-09 1.03363e-09 -1.03363e-09 5.73133e-11 5.73133e-11 -5.73133e-11
1.99436 -5.77447e-21 -7.10543e-12 1.03452e-09 1.03452e-09 -1.03452e-09 5.73623e-11 5.73623e-11 -5.73623e-11
1.99474 -3.08228e-21 6.13909e-12 1.0354e-09 1.0354e-09 -1.0354e-09 5.74114e-11 5.74114e-11 -5.74114e-11
1.99512 -1.56956e-21 -3.41061e-13 1.03629e-09 1.03629e-09 -1.03629e-09 5.74604e-11 5.74604e-11 -5.74604e-11
1.9955 -7.56681e-22 -2.84217e-13 1.03718e-09 1.03718e-09 -1.03718e-09 5.75095e-11 5.75095e-11 -5.75095e-11
1.99588 -3.42038e-22 -6.59384e-12 1.03807e-09 1.03807e-09 -1.03807e-09 5.75587e-11 5.75587e-11 -5.75587e-11
1.99626 -1.43167e-22 -7.38964e-13 1.03895e-09 1.03895e-09 -1.03895e-09 5.76079e-11 5.76079e-11 -5.76079e-11
1.99664 -5.45825e-23 6.0254e-12 1.03984e-09 1.03984e-09 -1.03984e-09 5.76571e-11 5.76571e-11 -5.76571e-11
1.99702 -1.8533e-23 -1.25056e-12 1.04073e-09 1.04073e-09 -1.04073e-09 5.77064e-11 5.77064e-11 -5.77064e-11
1.9974 -5.4295e-24 3.18323e-12 1.04162e-09 1.04162e-09 -1.04162e-09 5.77557e-11 5.77557e-11 -5.77557e-11
1.99778 -1.30971e-24 3.41061e-13 1.04252e-09 1.04252e-09 -1.04252e-09 5.7805e-11 5.7805e-11 -5.7805e-11
1.99816 -2.41747e-25 -4.26326e-12 1.04341e-09 1.04341e-09 -1.04341e-09 5.78544e-11 5.78544e-11 -5.78544e-11
1.99854 -3.01423e-26 3.41061e-12 1.0443e-09 1.0443e-09 -1.0443e-09 5.79038e-11 5.79038e-11 -5.79038e-11
1.99892 -1.999e-27 -1.02318e-12 1.04519e-09 1.04519e-09 -1.04519e-09 5.79532e-11 5.79532e-11 -5.79532e-11
1.9993 -4.03536e-29 -8.69704e-12 1.04609e-09 1.04609e-09 -1.04609e-09 5.80027e-11 5.80027e-11 -5.80027e-11
1.99968 -3.51844e-32 -2.10321e-12 1.04698e-09 1.04698e-09 -1.04698e-09 5.80522e-11 5.80522e-11 -5.80522e-11
2.00006 1.00777e-38 -7.27596e-12 1.04788e-09 1.04788e-09 -1.04788e-09 5.81018e-11 5.81018e-11 -5.81018e-11
2.00044 6.18122e-31 7.27596e-12 1.04878e-09 1.04878e-09 -1.04878e-09 5.81514e-11 5.81514e-11 -5.81514e-11
2.00082 1.6762e-28 -2.95586e-12 1.04967e-09 1.04967e-09 -1.04967e-09 5.8201e-11 5.8201e-11 -5.8201e-11
2.0012 5.15978e-27 6.82121e-13 1.05057e-09 1.05057e-09 -1.05057e-09 5.82507e-11 5.82507e-11 -5.82507e-11
2.00158 6.1364e-26 -9.09495e-13 1.05147e-09 1.05147e-09 -1.05147e-09 5.83004e-11 5.83004e-11 -5.83004e-11
2.00196 4.26879e-25 -4.77485e-12 1.05237e-09 1.05237e-09 -1.05237e-09 5.83502e-11 5.83502e-11 -5.83502e-11
2.00234 2.1035e-24 5.22959e-12 1.05327e-09 1.05327e-09 -1.05327e-09 5.84e-11 5.84e-11 -5.84e-11
2.00272 8.1493e-24 5.00222e-12 1.05417e-09 1.05417e-09 -1.05417e-09 5.84498e-11 5.84498e-11 -5.84498e-11
2.0031 2.64396e-23 -1.3074e-12 1.05507e-09 1.05507e-09 -1.05507e-09 5.84996e-11 5.84996e-11 -5.84996e-11
2.00348 7.48537e-23 -1.47793e-12 1.05597e-09 1.05597e-09 -1.05597e-09 5.85495e-11 5.85495e-11 -5.85495e-11
2.00386 1.90233e-22 -4.83169e-12 1.05687e-09 1.05687e-09 -1.05687e-09 5.85995e-11 5.85995e-11 -5.85995e-11
2.00424 4.42887e-22 1.00044e-11 1.05778e-09 1.05778e-09 -1.05778e-09 5.86494e-11 5.86494e-11 -5.86494e-11
2.00462 9.5891e-22 -4.49063e-12 1.05868e-09 1.05868e-09 -1.05868e-09 5.86995e-11 5.86995e-11 -5.86995e-11
2.005 1.95313e-21 -1.36424e-12 1.05958e-09 1.05958e-09 -1.05958e-09 5.87495e-11 5.87495e-11 -5.87495e-11
2.00538 3.77607e-21 -1.47793e-12 1.06049e-09 1.06049e-09 -1.06049e-09 5.87996e-11 5.87996e-11 -5.87996e-11
2.00576 6.97915e-21 -3.24007e-12 1.0614e-09 1.0614e-09 -1.0614e-09 5.88497e-11 5.88497e-11 -5.88497e-11
2.00614 1.24027e-20 5.45697e-12 1.0623e-09 1.0623e-09 -1.0623e-09 5.88999e-11 5.88999e-11 -5.88999e-11
2.00652 2.12926e-20 1.93268e-12 1.06321e-09 1.06321e-09 -1.06321e-09 5.89501e-11 5.89501e-11 -5.89501e-11
2.0069 3.54521e-20 3.86535e-12 1.06412e-09 1.06412e-09 -1.06412e-09 5.90003e-11 5.90003e-11 -5.90003e-11
2.00728 5.74358e-20 9.09495e-13 1.06503e-09 1.06503e-09 -1.06503e-09 5.90506e-11 5.90506e-11 -5.90506e-11
2.00766 9.07944e-20 -7.38964e-13 1.06593e-09 1.06593e-09 -1.06593e-09 5.91009e-11 5.91009e-11 -5.91009e-11
2.00804 1.4038e-19 1.47793e-12 1.06684e-09 1.06684e-09 -1.06684e-09 5.91513e-11 5.91513e-11 -5.91513e-11
2.00842 2.1272e-19 6.0254e-12 1.06776e-09 1.06776e-09 -1.06776e-09 5.92017e-11 5.92017e-11 -5.92017e-11
2.0088 3.16478e-19 5.68434e-13 1.06867e-09 1.06867e-09 -1.06867e-09 5.92521e-11 5.92521e-11 -5.92521e-11
2.00918 4.63003e-19 3.41061e-13 1.06958e-09 1.06958e-09 -1.06958e-09 5.93026e-11 5.93026e-11 -5.93026e-11
2.00956 6.66993e-19 5.22959e-12 1.07049e-09 1.07049e-09 -1.07049e-09 5.93531e-11 5.93531e-11 -5.93531e-11
2.00994 9.47278e-19 5.57066e-12 1.0714e-09 1.0714e-09 -1.0714e-09 5.94036e-11 5.94036e-11 -5.94036e-11
2.01032 1.32775e-18 2.72848e-12 1.07232e-09 1.07232e-09 -1.07232e-09 5.94542e-11 5.94542e-11 -5.94542e-11
2.0107 1.83846e-18 -3.35376e-12 1.07323e-09 1.07323e-09 -1.07323e-09 5.95048e-11 5.95048e-11 -5.95048e-11
2.01108 2.51685e-18 -4.37694e-12 1.07415e-09 1.07415e-09 -1.07415e-09 5.95555e-11 5.95555e-11 -5.95555e-11
2.01146 3.40927e-18 2.38742e-12 1.07507e-09 1.07507e-09 -1.07507e-09 5.96062e-11 5.96062e-11 -5.96062e-11
2.01184 4.57262e-18 -4.60432e-12 1.07598e-09 1.07598e-09 -1.07598e-09 5.96569e-11 5.96569e-11 -5.96569e-11
2.01222 6.07632e-18 -7.95808e-13 1.0769e-09 1.0769e-09 -1.0769e-09 5.97077e-11 5.97077e-11 -5.97077e-11
2.0126 8.00451e-18 -4.54747e-13 1.07782e-09 1.07782e-09 -1.07782e-09 5.97585e-11 5.97585e-11 -5.97585e-11
2.01298 1.04586e-17 -3.97904e-13 1.07874e-09 1.07874e-09 -1.07874e-09 5.98093e-11 5.98094e-11 -5.98093e-11
2.01336 1.356e-17 6.13909e-12 1.07966e-09 1.07966e-09 -1.07966e-09 5.98602e-11 5.98602e-11 -5.98602e-11
2.01374 1.74534e-17 1.02318e-12 1.08058e-09 1.08058e-09 -1.08058e-09 5.99112e-11 5.99112e-11 -5.99111e-11
2.01412 2.23107e-17 -6.82121e-13 1.0815e-09 1.0815e-09 -1.0815e-09 5.99621e-11 5.99622e-11 -5.99621e-11
2.0145 2.83343e-17 3.41061e-13 1.08242e-09 1.08242e-09 -1.08242e-09 6.00131e-11 6.00132e-11 -6.00131e-11
2.01488 3.57624e-17 -2.16005e-12 1.08334e-09 1.08334e-09 -1.08334e-09 6.00642e-11 6.00642e-11 -6.00641e-11
2.01526 4.48736e-17 -5.68434e-13 1.08427e-09 1.08427e-09 -1.08427e-09 6.01153e-11 6.01153e-11 -6.01152e-11
2.01564 5.59926e-17 5.57066e-12 1.08519e-09 1.08519e-09 -1.08519e-09 6.01664e-11 6.01664e-11 -6.01663e-11
2.01602 6.94964e-17 6.36646e-12 1.08611e-09 1.08611e-09 -1.08611e-09 6.02175e-11 6.02176e-11 -6.02175e-11
2.0164 8.58212e-17 5.91172e-12 1.08704e-09 1.08704e-09 -1.08704e-09 6.02687e-11 6.02688e-11 -6.02686e-11
2.01678 1.0547e-16 2.84217e-12 1.08797e-09 1.08797e-09 -1.08797e-09 6.032e-11 6.03201e-11 -6.03199e-11
2.01716 1.2902e-16 7.95808e-12 1.08889e-09 1.08889e-09 -1.08889e-09 6.03712e-11 6.03714e-11 -6.03711e-11
2.01754 1.57133e-16 3.41061e-12 1.08982e-09 1.08982e-09 -1.08982e-09 6.04226e-11 6.04227e-11 -6.04224e-11
2.01792 1.90565e-16 5.68434e-12 1.09075e-09 1.09075e-09 -1.09075e-09 6.04739e-11 6.04741e-11 -6.04737e-11
2.0183 2.30176e-16 2.84217e-12 1.09168e-09 1.09168e-09 -1.09168e-09 6.05253e-11 6.05255e-11 -6.05251e-11
2.01868 2.76944e-16 -1.25056e-12 1.09261e-09 1.09261e-09 -1.09261e-09 6.05767e-11 6.0577e-11 -6.05764e-11
2.01906 3.31976e-16 1.81899e-12 1.09354e-09 1.09354e-09 -1.09354e-09 6.06282e-11 6.06285e-11 -6.06279e-11
2.01944 3.96521e-16 -2.78533e-12 1.09447e-09 1.09447e-09 -1.09447e-09 6.06797e-11 6.06801e-11 -6.06793e-11
2.01982 4.7199e-16 1.02318e-12 1.0954e-09 1.0954e-09 -1.0954e-09 6.07312e-11 6.07317e-11 -6.07308e-11
2.0202 5.59967e-16 -2.38742e-12 1.09633e-09 1.09633e-09 -1.09633e-09 6.07828e-11 6.07834e-11 -6.07823e-11
2.02058 6.62229e-16 4.66116e-12 1.09726e-09 1.09726e-09 -1.09726e-09 6.08344e-11 6.08351e-11 -6.08338e-11
2.02096 7.80767e-16 3.41061e-12 1.0982e-09 1.0982e-09 -1.0982e-09 6.08861e-11 6.08869e-11 -6.08853e-11
2.02134 9.17804e-16 -1.93268e-12 1.09913e-09 1.09913e-09 -1.09913e-09 6.09378e-11 6.09387e-11 -6.09369e-11
2.02172 1.07582e-15 -5.74119e-12 1.10007e-09 1.10007e-09 -1.10007e-09 6.09895e-11 6.09906e-11 -6.09885e-11
2.0221 1.25757e-15 -5.96856e-12 1.101e-09 1.101e-09 -1.101e-09 6.10413e-11 6.10426e-11 -6.10401e-11
2.02248 1.46611e-15 4.54747e-12 1.10194e-09 1.10194e-09 -1.10194e-09 6.10931e-11 6.10946e-11 -6.10917e-11
2.02286 1.70485e-15 -4.718e-12 1.10288e-09 1.10288e-09 -1.10288e-09 6.1145e-11 6.11467e-11 -6.11433e-11
2.02324 1.97754e-15 -3.0127e-12 1.10381e-09 1.10382e-09 -1.10381e-09 6.11969e-11 6.11989e-11 -6.11949e-11
2.02362 2.28833e-15 2.95586e-12 1.10475e-09 1.10476e-09 -1.10475e-09 6.12488e-11 6.12511e-11 -6.12465e-11
2.024 2.64181e-15 4.88853e-12 1.10569e-09 1.1057e-09 -1.10569e-09 6.13008e-11 6.13034e-11 -6.12982e-11
2.02438 3.04301e-15 -2.21689e-12 1.10663e-09 1.10664e-09 -1.10663e-09 6.13528e-11 6.13559e-11 -6.13498e-11
2.02476 3.49748e-15 -1.98952e-12 1.10757e-09 1.10758e-09 -1.10757e-09 6.14049e-11 6.14084e-11 -6.14014e-11
2.02514 4.01132e-15 1.36424e-12 1.10852e-09 1.10852e-09 -1.10851e-09 6.1457e-11 6.1461e-11 -6.1453e-11
2.02552 4.5912e-15 1.13687e-12 1.10946e-09 1.10946e-09 -1.10945e-09 6.15091e-11 6.15137e-11 -6.15045e-11
2.0259 5.24442e-15 1.13687e-12 1.1104e-09 1.11041e-09 -1.1104e-09 6.15613e-11 6.15665e-11 -6.1556e-11
2.02628 5.979e-15 -3.41061e-12 1.11134e-09 1.11135e-09 -1.11134e-09 6.16135e-11 6.16195e-11 -6.16075e-11
2.02666 6.80364e-15 -5.11591e-13 1.11229e-09 1.1123e-09 -1.11228e-09 6.16657e-11 6.16725e-11 -6.16589e-11
2.02704 7.72788e-15 -4.14957e-12 1.11323e-09 1.11324e-09 -1.11323e-09 6.1718e-11 6.17257e-11 -6.17103e-11
2.02742 8.76208e-15 -5.00222e-12 1.11418e-09 1.11419e-09 -1.11417e-09 6.17703e-11 6.17791e-11 -6.17616e-11
2.0278 9.91752e-15 -5.68434e-13 1.11513e-09 1.11514e-09 -1.11512e-09 6.18227e-11 6.18326e-11 -6.18128e-11
2.02818 1.12065e-14 -7.04858e-12 1.11607e-09 1.11608e-09 -1.11606e-09 6.18751e-11 6.18863e-11 -6.18639e-11
2.02856 1.26422e-14 -7.38964e-13 1.11702e-09 1.11703e-09 -1.11701e-09 6.19275e-11 6.19402e-11 -6.19149e-11
2.02894 1.42392e-14 5.00222e-12 1.11797e-09 1.11798e-09 -1.11796e-09 6.198e-11 6.19943e-11 -6.19658e-11
2.02932 1.60131e-14 -1.76215e-12 1.11892e-09 1.11893e-09 -1.1189e-09 6.20326e-11 6.20486e-11 -6.20165e-11
2.0297 1.79808e-14 1.59162e-12 1.11987e-09 1.11989e-09 -1.11985e-09 6.20851e-11 6.21031e-11 -6.20671e-11
2.03008 2.01605e-14 6.82121e-13 1.12082e-09 1.12084e-09 -1.1208e-09 6.21377e-11 6.21579e-11 -6.21176e-11
2.03046 2.2572e-14 7.38964e-12 1.12177e-09 1.12179e-09 -1.12175e-09 6.21904e-11 6.22129e-11 -6.21678e-11
2.03084 2.52365e-14 -2.6148e-12 1.12272e-09 1.12275e-09 -1.1227e-09 6.2243e-11 6.22683e-11 -6.22178e-11
2.03122 2.81771e-14 1.25056e-12 1.12368e-09 1.1237e-09 -1.12365e-09 6.22958e-11 6.23239e-11 -6.22676e-11
2.0316 3.14184e-14 -5.91172e-12 1.12463e-09 1.12466e-09 -1.1246e-09 6.23485e-11 6.23799e-11 -6.23171e-11
2.03198 3.4987e-14 -4.54747e-13 1.12558e-09 1.12562e-09 -1.12555e-09 6.24013e-11 6.24363e-11 -6.23663e-11
2.03236 3.89114e-14 -4.20641e-12 1.12654e-09 1.12658e-09 -1.1265e-09 6.24542e-11 6.24931e-11 -6.24153e-11
2.03274 4.32223e-14 3.29692e-12 1.1275e-09 1.12754e-09 -1.12745e-09 6.25071e-11 6.25503e-11 -6.24638e-11
2.03312 4.79527e-14 5.68434e-13 1.12845e-09 1.1285e-09 -1.1284e-09 6.256e-11 6.26079e-11 -6.2512e-11
2.0335 5.31378e-14 -5.17275e-12 1.12941e-09 1.12946e-09 -1.12936e-09 6.26129e-11 6.26661e-11 -6.25598e-11
2.03388 5.88153e-14 -3.58114e-12 1.13037e-09 1.13043e-09 -1.13031e-09 6.26659e-11 6.27247e-11 -6.26071e-11
2.03426 6.50259e-14 -4.49063e-12 1.13133e-09 1.13139e-09 -1.13126e-09 6.2719e-11 6.2784e-11 -6.26539e-11
2.03464 7.18126e-14 -1.53477e-12 1.13229e-09 1.13236e-09 -1.13221e-09 6.2772e-11 6.28439e-11 -6.27002e-11
2.03502 7.92219e-14 -1.25056e-12 1.13325e-09 1.13332e-09 -1.13317e-09 6.28252e-11 6.29044e-11 -6.27459e-11
2.0354 8.7303e-14 2.50111e-12 1.13421e-09 1.13429e-09 -1.13412e-09 6.28783e-11 6.29656e-11 -6.2791e-11
2.03578 9.61088e-14 3.63798e-12 1.13517e-09 1.13526e-09 -1.13507e-09 6.29315e-11 6.30276e-11 -6.28354e-11
2.03616 1.05695e-13 2.72848e-12 1.13613e-09 1.13624e-09 -1.13602e-09 6.29848e-11 6.30905e-11 -6.28791e-11
2.03654 1.16123e-13 -3.86535e-12 1.13709e-09 1.13721e-09 -1.13698e-09 6.3038e-11 6.31542e-11 -6.29219e-11
2.03692 1.27455e-13 -1.13687e-13 1.13806e-09 1.13818e-09 -1.13793e-09 6.30914e-11 6.32188e-11 -6.29639e-11
2.0373 1.39759e-13 2.95586e-12 1.13902e-09 1.13916e-09 -1.13888e-09 6.31447e-11 6.32845e-11 -6.3005e-11
2.03768 1.53108e-13 1.7053e-12 1.13999e-09 1.14014e-09 -1.13983e-09 6.31981e-11 6.33512e-11 -6.3045e-11
2.03806 1.67579e-13 -2.27374e-13 1.14095e-09 1.14112e-09 -1.14079e-09 6.32516e-11 6.34191e-11 -6.3084e-11
2.03844 1.83253e-13 -5.68434e-14 1.14192e-09 1.1421e-09 -1.14174e-09 6.3305e-11 6.34883e-11 -6.31218e-11
2.03882 2.00216e-13 -2.55795e-12 1.14289e-09 1.14309e-09 -1.14269e-09 6.33586e-11 6.35588e-11 -6.31583e-11
2.0392 2.18562e-13 2.38742e-12 1.14385e-09 1.14407e-09 -1.14364e-09 6.34121e-11 6.36307e-11 -6.31935e-11
2.03958 2.38387e-13 -2.84217e-12 1.14482e-09 1.14506e-09 -1.14459e-09 6.34657e-11 6.37041e-11 -6.32273e-11
2.03996 2.59794e-13 3.86535e-12 1.14579e-09 1.14605e-09 -1.14553e-09 6.35193e-11 6.37791e-11 -6.32596e-11
2.04034 2.82894e-13 -1.47793e-12 1.14676e-09 1.14705e-09 -1.14648e-09 6.3573e-11 6.38559e-11 -6.32901e-11
2.04072 3.07801e-13 -3.24007e-12 1.14773e-09 1.14804e-09 -1.14743e-09 6.36267e-11 6.39345e-11 -6.33189e-11
2.0411 3.34639e-13 6.13909e-12 1.14871e-09 1.14904e-09 -1.14837e-09 6.36805e-11 6.40151e-11 -6.33459e-11
2.04148 3.63537e-13 5.57066e-12 1.14968e-09 1.15004e-09 -1.14932e-09 6.37343e-11 6.40978e-11 -6.33708e-11
2.04186 3.94633e-13 -6.65068e-12 1.15065e-09 1.15105e-09 -1.15026e-09 6.37881e-11 6.41828e-11 -6.33935e-11
2.04224 4.2807e-13 4.20641e-12 1.15163e-09 1.15205e-09 -1.1512e-09 6.3842e-11 6.42701e-11 -6.3414e-11
2.04262 4.64003e-13 4.20641e-12 1.1526e-09 1.15307e-09 -1.15214e-09 6.38959e-11 6.436e-11 -6.34319e-11
2.043 5.02593e-13 5.68434e-13 1.15358e-09 1.15408e-09 -1.15307e-09 6.39499e-11 6.44525e-11 -6.34473e-11
2.04338 5.44009e-13 1.36424e-12 1.15455e-09 1.1551e-09 -1.15401e-09 6.40039e-11 6.45479e-11 -6.34599e-11
2.04376 5.88431e-13 -3.69482e-12 1.15553e-09 1.15612e-09 -1.15494e-09 6.4058e-11 6.46464e-11 -6.34695e-11
2.04414 6.3605e-13 6.13909e-12 1.15651e-09 1.15714e-09 -1.15587e-09 6.4112e-11 6.47481e-11 -6.3476e-11
2.04452 6.87063e-13 -8.01492e-12 1.15749e-09 1.15817e-09 -1.1568e-09 6.41662e-11 6.48532e-11 -6.34791e-11
2.0449 7.41681e-13 1.93268e-12 1.15846e-09 1.15921e-09 -1.15772e-09 6.42203e-11 6.4962e-11 -6.34786e-11
2.04528 8.00125e-13 3.41061e-13 1.15944e-09 1.16024e-09 -1.15864e-09 6.42745e-11 6.50747e-11 -6.34744e-11
2.04566 8.62627e-13 1.22782e-11 1.16043e-09 1.16129e-09 -1.15956e-09 6.43288e-11 6.51914e-11 -6.34661e-11
2.04604 9.29432e-13 1.02318e-12 1.16141e-09 1.16234e-09 -1.16048e-09 6.43831e-11 6.53125e-11 -6.34536e-11
2.04642 1.0008e-12 2.38742e-12 1.16239e-09 1.16339e-09 -1.16139e-09 6.44374e-11 6.54382e-11 -6.34366e-11
2.0468 1.07699e-12 3.41061e-13 1.16337e-09 1.16445e-09 -1.16229e-09 6.44918e-11 6.55687e-11 -6.34148e-11
2.04718 1.1583e-12 5.22959e-12 1.16436e-09 1.16551e-09 -1.1632e-09 6.45462e-11 6.57045e-11 -6.33879e-11
2.04756 1.24502e-12 -7.50333e-12 1.16534e-09 1.16658e-09 -1.16409e-09 6.46006e-11 6.58456e-11 -6.33556e-11
2.04794 1.33746e-12 5.57066e-12 1.16632e-09 1.16766e-09 -1.16499e-09 6.46551e-11 6.59926e-11 -6.33176e-11
2.04832 1.43596e-12 6.59384e-12 1.16731e-09 1.16875e-09 -1.16587e-09 6.47096e-11 6.61456e-11 -6.32737e-11
2.0487 1.54085e-12 -7.04858e-12 1.1683e-09 1.16984e-09 -1.16676e-09 6.47642e-11 6.6305e-11 -6.32233e-11
2.04908 1.6525e-12 -5.40012e-12 1.16928e-09 1.17094e-09 -1.16763e-09 6.48188e-11 6.64713e-11 -6.31663e-11
2.04946 1.77128e-12 2.27374e-12 1.17027e-09 1.17204e-09 -1.1685e-09 6.48735e-11 6.66447e-11 -6.31022e-11
2.04984 1.89759e-12 4.66116e-12 1.17126e-09 1.17316e-09 -1.16936e-09 6.49282e-11 6.68257e-11 -6.30306e-11
2.05022 2.03184e-12 1.19371e-11 1.17225e-09 1.17428e-09 -1.17022e-09 6.49829e-11 6.70147e-11 -6.2951e-11
2.0506 2.17448e-12 4.54747e-13 1.17324e-09 1.17541e-09 -1.17107e-09 6.50377e-11 6.72121e-11 -6.28632e-11
2.05098 2.32594e-12 2.72848e-12 1.17423e-09 1.17656e-09 -1.17191e-09 6.50925e-11 6.74184e-11 -6.27665e-11
2.05136 2.48671e-12 4.20641e-12 1.17522e-09 1.17771e-09 -1.17274e-09 6.51473e-11 6.7634e-11 -6.26606e-11
2.05174 2.65728e-12 1.25056e-12 1.17622e-09 1.17887e-09 -1.17356e-09 6.52022e-11 6.78595e-11 -6.25449e-11
2.05212 2.83818e-12 -1.36424e-12 1.17721e-09 1.18005e-09 -1.17437e-09 6.52572e-11 6.80953e-11 -6.2419e-11
2.0525 3.02994e-12 9.43601e-12 1.1782e-09 1.18123e-09 -1.17517e-09 6.53121e-11 6.83421e-11 -6.22822e-11
2.05288 3.23313e-12 -1.36424e-12 1.1792e-09 1.18243e-09 -1.17596e-09 6.53672e-11 6.86003e-11 -6.2134e-11
2.05326 3.44834e-12 6.13909e-12 1.18019e-09 1.18364e-09 -1.17674e-09 6.54222e-11 6.88706e-11 -6.19739e-11
2.05364 3.6762e-12 3.63798e-12 1.18119e-09 1.18487e-09 -1.17751e-09 6.54773e-11 6.91535e-11 -6.18011e-11
2.05402 3.91734e-12 -5.68434e-13 1.18219e-09 1.1861e-09 -1.17827e-09 6.55325e-11 6.94498e-11 -6.16151e-11
2.0544 4.17244e-12 1.7053e-12 1.18318e-09 1.18736e-09 -1.17901e-09 6.55877e-11 6.97601e-11 -6.14152e-11
2.05478 4.4422e-12 1.05729e-11 1.18418e-09 1.18862e-09 -1.17974e-09 6.56429e-11 7.00851e-11 -6.12007e-11
2.05516 4.72736e-12 -4.09273e-12 1.18518e-09 1.18991e-09 -1.18045e-09 6.56982e-11 7.04255e-11 -6.09708e-11
2.05554 5.02867e-12 7.7307e-12 1.18618e-09 1.19121e-09 -1.18115e-09 6.57535e-11 7.07821e-11 -6.07248e-11
2.05592 5.34693e-12 1.05729e-11 1.18718e-09 1.19253e-09 -1.18183e-09 6.58088e-11 7.11558e-11 -6.04619e-11
2.0563 5.68297e-12 9.77707e-12 1.18818e-09 1.19387e-09 -1.1825e-09 6.58642e-11 7.15472e-11 -6.01812e-11
2.05668 6.03766e-12 1.81899e-12 1.18919e-09 1.19522e-09 -1.18315e-09 6.59196e-11 7.19573e-11 -5.9882e-11
2.05706 6.41189e-12 5.68434e-12 1.19019e-09 1.1966e-09 -1.18378e-09 6.59751e-11 7.2387e-11 -5.95632e-11
2.05744 6.80659e-12 6.9349e-12 1.19119e-09 1.198e-09 -1.18439e-09 6.60306e-11 7.28372e-11 -5.9224e-11
2.05782 7.22275e-12 -4.37694e-12 1.1922e-09 1.19942e-09 -1.18497e-09 6.60862e-11 7.33089e-11 -5.88634e-11
2.0582 7.66138e-12 6.70752e-12 1.1932e-09 1.20086e-09 -1.18554e-09 6.61418e-11 7.38032e-11 -5.84804e-11
2.05858 8.12352e-12 1.45519e-11 1.19421e-09 1.20233e-09 -1.18608e-09 6.61974e-11 7.4321e-11 -5.80739e-11
2.05896 8.61028e-12 6.9349e-12 1.19521e-09 1.20382e-09 -1.1866e-09 6.62531e-11 7.48634e-11 -5.76428e-11
2.05934 9.12279e-12 7.38964e-12 1.19622e-09 1.20534e-09 -1.1871e-09 6.63088e-11 7.54316e-11 -5.7186e-11
2.05972 9.66225e-12 1.25056e-11 1.19723e-09 1.20689e-09 -1.18757e-09 6.63646e-11 7.60269e-11 -5.67024e-11
2.0601 1.02299e-11 6.13909e-12 1.19824e-09 1.20847e-09 -1.18801e-09 6.64204e-11 7.66503e-11 -5.61905e-11
2.06048 1.08269e-11 1.44382e-11 1.19925e-09 1.21008e-09 -1.18842e-09 6.64763e-11 7.73032e-11 -5.56493e-11
2.06086 1.14548e-11 1.53477e-11 1.20026e-09 1.21171e-09 -1.1888e-09 6.65321e-11 7.79869e-11 -5.50773e-11
2.06124 1.21148e-11 1.01181e-11 1.20127e-09 1.21338e-09 -1.18916e-09 6.65881e-11 7.87029e-11 -5.44733e-11
2.06162 1.28084e-11 1.22782e-11 1.20228e-09 1.21509e-09 -1.18947e-09 6.66441e-11 7.94525e-11 -5.38356e-11
2.062 1.35371e-11 9.54969e-12 1.20329e-09 1.21683e-09 -1.18976e-09 6.67001e-11 8.02372e-11 -5.3163e-11
2.06238 1.43024e-11 1.42109e-11 1.20431e-09 1.21861e-09 -1.19001e-09 6.67561e-11 8.10585e-11 -5.24537e-11
2.06276 1.51059e-11 1.38698e-11 1.20532e-09 1.22043e-09 -1.19022e-09 6.68122e-11 8.19181e-11 -5.17063e-11
2.06314 1.59493e-11 1.39835e-11 1.20634e-09 1.22229e-09 -1.19039e-09 6.68684e-11 8.28176e-11 -5.09191e-11
2.06352 1.68343e-11 1.22782e-11 1.20735e-09 1.22419e-09 -1.19052e-09 6.69245e-11 8.37588e-11 -5.00903e-11
2.0639 1.77626e-11 1.58025e-11 1.20837e-09 1.22613e-09 -1.19061e-09 6.69808e-11 8.47434e-11 -4.92181e-11
2.06428 1.87363e-11 1.40972e-11 1.20939e-09 1.22812e-09 -1.19065e-09 6.7037e-11 8.57733e-11 -4.83008e-11
2.06466 1.9757e-11 2.42153e-11 1.21041e-09 1.23016e-09 -1.19065e-09 6.70933e-11 8.68504e-11 -4.73363e-11
2.06504 2.08269e-11 1.94404e-11 1.21142e-09 1.23225e-09 -1.1906e-09 6.71497e-11 8.79766e-11 -4.63228e-11
2.06542 2.1948e-11 2.55795e-11 1.21244e-09 1.23439e-09 -1.1905e-09 6.72061e-11 8.91541e-11 -4.52581e-11
2.0658 2.31224e-11 2.23963e-11 1.21346e-09 1.23659e-09 -1.19034e-09 6.72625e-11 9.03849e-11 -4.41401e-11
2.06618 2.43523e-11 3.46745e-11 1.21448e-09 1.23884e-09 -1.19013e-09 6.7319e-11 9.16713e-11 -4.29666e-11
2.06656 2.56401e-11 2.80806e-11 1.21551e-09 1.24115e-09 -1.18987e-09 6.73755e-11 9.30156e-11 -4.17354e-11
2.06694 2.6988e-11 2.94449e-11 1.21653e-09 1.24352e-09 -1.18954e-09 6.74321e-11 9.44201e-11 -4.0444e-11
2.06732 2.83986e-11 2.51248e-11 1.21755e-09 1.24595e-09 -1.18915e-09 6.74887e-11 9.58873e-11 -3.90901e-11
2.0677 2.98743e-11 3.36513e-11 1.21858e-09 1.24845e-09 -1.1887e-09 6.75453e-11 9.74196e-11 -3.7671e-11
2.06808 3.14178e-11 3.5925e-11 1.2196e-09 1.25102e-09 -1.18818e-09 6.7602e-11 9.90198e-11 -3.61842e-11
2.06846 3.30318e-11 2.60343e-11 1.22063e-09 1.25366e-09 -1.1876e-09 6.76587e-11 1.00691e-10 -3.46269e-11
2.06884 3.4719e-11 3.41061e-11 1.22165e-09 1.25637e-09 -1.18694e-09 6.77155e-11 1.02435e-10 -3.29965e-11
2.06922 3.64825e-11 3.54703e-11 1.22268e-09 1.25916e-09 -1.1862e-09 6.77723e-11 1.04255e-10 -3.12898e-11
2.0696 3.83251e-11 3.80851e-11 1.22371e-09 1.26203e-09 -1.18538e-09 6.78292e-11 1.06154e-10 -2.95041e-11
2.06998 4.025e-11 3.72893e-11 1.22474e-09 1.26499e-09 -1.18449e-09 6.78861e-11 1.08136e-10 -2.76361e-11
2.07036 4.22603e-11 4.6839e-11 1.22577e-09 1.26803e-09 -1.18351e-09 6.7943e-11 1.10203e-10 -2.56827e-11
2.07074 4.43594e-11 3.89946e-11 1.2268e-09 1.27116e-09 -1.18244e-09 6.8e-11 1.12359e-10 -2.36406e-11
2.07112 4.65506e-11 5.21823e-11 1.22783e-09 1.27438e-09 -1.18128e-09 6.8057e-11 1.14608e-10 -2.15064e-11
2.0715 4.88376e-11 4.51337e-11 1.22886e-09 1.2777e-09 -1.18002e-09 6.81141e-11 1.16952e-10 -1.92765e-11
2.07188 5.12239e-11 6.21867e-11 1.22989e-09 1.28112e-09 -1.17867e-09 6.81712e-11 1.19395e-10 -1.69473e-11
2.07226 5.37133e-11 6.52562e-11 1.23093e-09 1.28464e-09 -1.17721e-09 6.82283e-11 1.21942e-10 -1.45151e-11
2.07264 5.63096e-11 5.49107e-11 1.23196e-09 1.28827e-09 -1.17565e-09 6.82855e-11 1.24595e-10 -1.19759e-11
2.07302 5.90169e-11 5.85487e-11 1.233e-09 1.29201e-09 -1.17398e-09 6.83428e-11 1.2736e-10 -9.32587e-12
2.0734 6.18393e-11 6.0254e-11 1.23403e-09 1.29587e-09 -1.17219e-09 6.84001e-11 1.30239e-10 -6.56076e-12
2.07378 6.4781e-11 6.53699e-11 1.23507e-09 1.29985e-09 -1.17029e-09 6.84574e-11 1.33238e-10 -3.67635e-12
2.07416 6.78465e-11 7.26459e-11 1.23611e-09 1.30395e-09 -1.16826e-09 6.85147e-11 1.36361e-10 -6.6824e-13
2.07454 7.10403e-11 6.80984e-11 1.23714e-09 1.30818e-09 -1.1661e-09 6.85722e-11 1.39612e-10 2.4681e-12
2.07492 7.43669e-11 7.66249e-11 1.23818e-09 1.31255e-09 -1.16382e-09 6.86296e-11 1.42997e-10 5.73734e-12
2.0753 7.78314e-11 7.65112e-11 1.23922e-09 1.31705e-09 -1.16139e-09 6.86871e-11 1.46518e-10 9.14429e-12
2.07568 8.14386e-11 8.08313e-11 1.24026e-09 1.3217e-09 -1.15882e-09 6.87446e-11 1.50183e-10 1.26939e-11
2.07606 8.51936e-11 7.88987e-11 1.2413e-09 1.3265e-09 -1.15611e-09 6.88022e-11 1.53996e-10 1.63914e-11
2.07644 8.91017e-11 8.65157e-11 1.24235e-09 1.33145e-09 -1.15324e-09 6.88598e-11 1.57962e-10 2.02419e-11
2.07682 9.31684e-11 9.74296e-11 1.24339e-09 1.33656e-09 -1.15022e-09 6.89175e-11 1.62086e-10 2.42509e-11
2.0772 9.73993e-11 9.90212e-11 1.24443e-09 1.34183e-09 -1.14703e-09 6.89752e-11 1.66374e-10 2.84241e-11
2.07758 1.018e-10 9.60654e-11 1.24548e-09 1.34728e-09 -1.14368e-09 6.9033e-11 1.70833e-10 3.27671e-11
2.07796 1.06377e-10 1.02318e-10 1.24652e-09 1.3529e-09 -1.14014e-09 6.90907e-11 1.75467e-10 3.72859e-11
2.07834 1.11135e-10 1.14824e-10 1.24757e-09 1.3587e-09 -1.13643e-09 6.91486e-11 1.80284e-10 4.19867e-11
2.07872 1.16082e-10 1.15051e-10 1.24861e-09 1.36469e-09 -1.13253e-09 6.92065e-11 1.85289e-10 4.68758e-11
2.0791 1.21224e-10 1.18121e-10 1.24966e-09 1.37088e-09 -1.12844e-09 6.92644e-11 1.90488e-10 5.19595e-11
2.07948 1.26567e-10 1.30967e-10 1.25071e-09 1.37728e-09 -1.12414e-09 6.93223e-11 1.95889e-10 5.72447e-11
2.07986 1.32119e-10 1.3938e-10 1.25176e-09 1.38388e-09 -1.11964e-09 6.93803e-11 2.01499e-10 6.27382e-11
2.08024 1.37885e-10 1.46315e-10 1.25281e-09 1.39069e-09 -1.11492e-09 6.94384e-11 2.07324e-10 6.8447e-11
2.08062 1.43875e-10 1.46088e-10 1.25386e-09 1.39773e-09 -1.10998e-09 6.94965e-11 2.13371e-10 7.43784e-11
2.081 1.50095e-10 1.55183e-10 1.25491e-09 1.405e-09 -1.10481e-09 6.95546e-11 2.19649e-10 8.054e-11
2.08138 1.56552e-10 1.58593e-10 1.25596e-09 1.41251e-09 -1.09941e-09 6.96128e-11 2.26165e-10 8.69394e-11
2.08176 1.63256e-10 1.62345e-10 1.25701e-09 1.42027e-09 -1.09376e-09 6.9671e-11 2.32927e-10 9.35845e-11
2.08214 1.70213e-10 1.60867e-10 1.25807e-09 1.42828e-09 -1.08785e-09 6.97293e-11 2.39942e-10 1.00484e-10
2.08252 1.77432e-10 1.71099e-10 1.25912e-09 1.43655e-09 -1.08169e-09 6.97876e-11 2.4722e-10 1.07645e-10
2.0829 1.84923e-10 1.9304e-10 1.26018e-09 1.4451e-09 -1.07525e-09 6.9846e-11 2.54769e-10 1.15077e-10
2.08328 1.92693e-10 1.94746e-10 1.26123e-09 1.45393e-09 -1.06854e-09 6.99044e-11 2.62598e-10 1.22789e-10
2.08366 2.00752e-10 2.01226e-10 1.26229e-09 1.46304e-09 -1.06154e-09 6.99628e-11 2.70715e-10 1.3079e-10
2.08404 2.0911e-10 2.00203e-10 1.26335e-09 1.47246e-09 -1.05424e-09 7.00213e-11 2.79131e-10 1.39089e-10
2.08442 2.17775e-10 2.15437e-10 1.26441e-09 1.48218e-09 -1.04663e-09 7.00798e-11 2.87855e-10 1.47695e-10
2.0848 2.26758e-10 2.20894e-10 1.26546e-09 1.49222e-09 -1.03871e-09 7.01384e-11 2.96896e-10 1.5662e-10
2.08518 2.36069e-10 2.39311e-10 1.26652e-09 1.50259e-09 -1.03046e-09 7.0197e-11 3.06266e-10 1.65872e-10
2.08556 2.45718e-10 2.49997e-10 1.26758e-09 1.5133e-09 -1.02187e-09 7.02556e-11 3.15974e-10 1.75462e-10
2.08594 2.55716e-10 2.57955e-10 1.26865e-09 1.52436e-09 -1.01293e-09 7.03143e-11 3.2603e-10 1.85402e-10
2.08632 2.66074e-10 2.73303e-10 1.26971e-09 1.53578e-09 -1.00363e-09 7.03731e-11 3.36447e-10 1.95701e-10
2.0867 2.76804e-10 2.67278e-10 1.27077e-09 1.54758e-09 -9.93968e-10 7.04319e-11 3.47236e-10 2.06372e-10
2.08708 2.87916e-10 2.86491e-10 1.27184e-09 1.55975e-09 -9.8392e-10 7.04907e-11 3.58407e-10 2.17425e-10
2.08746 2.99423e-10 3.01952e-10 1.2729e-09 1.57232e-09 -9.73477e-10 7.05496e-11 3.69973e-10 2.28873e-10
2.08784 3.11337e-10 3.06272e-10 1.27397e-09 1.5853e-09 -9.62629e-10 7.06085e-11 3.81946e-10 2.40729e-10
2.08822 3.23671e-10 3.27191e-10 1.27503e-09 1.5987e-09 -9.51361e-10 7.06674e-11 3.94338e-10 2.53003e-10
2.0886 3.36437e-10 3.39014e-10 1.2761e-09 1.61254e-09 -9.39662e-10 7.07265e-11 4.07163e-10 2.6571e-10
2.08898 3.49648e-10 3.49928e-10 1.27717e-09 1.62682e-09 -9.27518e-10 7.07855e-11 4.20434e-10 2.78863e-10
2.08936 3.63319e-10 3.68232e-10 1.27824e-09 1.64155e-09 -9.14916e-10 7.08446e-11 4.34164e-10 2.92475e-10
2.08974 3.77463e-10 3.77895e-10 1.2793e-09 1.65677e-09 -9.01842e-10 7.09037e-11 4.48367e-10 3.06559e-10
2.09012 3.92094e-10 3.88809e-10 1.28037e-09 1.67247e-09 -8.88281e-10 7.09629e-11 4.63057e-10 3.21132e-10
2.0905 4.07228e-10 4.01997e-10 1.28145e-09 1.68867e-09 -8.74218e-10 7.10221e-11 4.7825e-10 3.36205e-10
2.09088 4.22878e-10 4.31555e-10 1.28252e-09 1.7054e-09 -8.5964e-10 7.10814e-11 4.93959e-10 3.51796e-10
2.09126 4.3906e-10 4.36671e-10 1.28359e-09 1.72265e-09 -8.4453e-10 7.11407e-11 5.10201e-10 3.6792e-10
2.09164 4.55791e-10 4.65434e-10 1.28466e-09 1.74045e-09 -8.28873e-10 7.12001e-11 5.26991e-10 3.84591e-10
2.09202 4.73086e-10 4.75779e-10 1.28574e-09 1.75882e-09 -8.12652e-10 7.12595e-11 5.44345e-10 4.01827e-10
2.0924 4.90962e-10 4.91127e-10 1.28681e-09 1.77777e-09 -7.95851e-10 7.13189e-11 5.62281e-10 4.19643e-10
2.09278 5.09436e-10 5.11932e-10 1.28789e-09 1.79732e-09 -7.78453e-10 7.13784e-11 5.80814e-10 4.38057e-10
2.09316 5.28525e-10 5.23414e-10 1.28897e-09 1.81749e-09 -7.60441e-10 7.14379e-11 5.99963e-10 4.57087e-10
2.09354 5.48247e-10 5.4888e-10 1.29004e-09 1.83829e-09 -7.41796e-10 7.14975e-11 6.19745e-10 4.7675e-10
2.09392 5.68621e-10 5.72527e-10 1.29112e-09 1.85974e-09 -7.225e-10 7.15571e-11 6.40178e-10 4.97064e-10
2.0943 5.89665e-10 5.90035e-10 1.2922e-09 1.88186e-09 -7.02535e-10 7.16168e-11 6.61282e-10 5.18048e-10
2.09468 6.11398e-10 6.03791e-10 1.29328e-09 1.90468e-09 -6.81881e-10 7.16765e-11 6.83075e-10 5.39722e-10
2.09506 6.33841e-10 6.39716e-10 1.29436e-09 1.9282e-09 -6.60519e-10 7.17362e-11 7.05577e-10 5.62105e-10
2.09544 6.57013e-10 6.54609e-10 1.29544e-09 1.95245e-09 -6.38429e-10 7.1796e-11 7.28809e-10 5.85217e-10
2.09582 6.80935e-10 6.82121e-10 1.29652e-09 1.97746e-09 -6.15589e-10 7.18559e-11 7.52791e-10 6.09079e-10
2.0962 7.05628e-10 7.13499e-10 1.29761e-09 2.00323e-09 -5.91979e-10 7.19158e-11 7.77543e-10 6.33712e-10
2.09658 7.31114e-10 7.29187e-10 1.29869e-09 2.0298e-09 -5.67577e-10 7.19757e-11 8.03089e-10 6.59138e-10
2.09696 7.57414e-10 7.58405e-10 1.29978e-09 2.05719e-09 -5.42361e-10 7.20357e-11 8.2945e-10 6.85379e-10
2.09734 7.84553e-10 7.84894e-10 1.30086e-09 2.08541e-09 -5.16308e-10 7.20957e-11 8.56648e-10 7.12457e-10
2.09772 8.12552e-10 8.19e-10 1.30195e-09 2.1145e-09 -4.89395e-10 7.21557e-11 8.84708e-10 7.40396e-10
2.0981 8.41436e-10 8.38668e-10 1.30303e-09 2.14447e-09 -4.61598e-10 7.22158e-11 9.13652e-10 7.6922e-10
2.09848 8.71229e-10 8.72774e-10 1.30412e-09 2.17535e-09 -4.32893e-10 7.2276e-11 9.43505e-10 7.98953e-10
2.09886 9.01956e-10 9.05402e-10 1.30521e-09 2.20717e-09 -4.03254e-10 7.23362e-11 9.74292e-10 8.2962e-10
2.09924 9.33643e-10 9.32118e-10 1.3063e-09 2.23994e-09 -3.72657e-10 7.23964e-11 1.00604e-09 8.61246e-10
2.09962 9.66315e-10 9.82141e-10 1.30739e-09 2.27371e-09 -3.41075e-10 7.24567e-11 1.03877e-09 8.93859e-10
2.1 1e-09 1.00476e-09 1.30848e-09 2.30848e-09 -3.08481e-10 7.2517e-11 1.07252e-09 9.27483e-10
