-5.1 9.99994e-07 0.0146484 1.51852 1.51852 -1.51852 0.124445 0.124446 -0.124444
-5.0996 9.76229e-07 -0.00488281 1.51816 1.51816 -1.51816 0.124416 0.124417 -0.124415
-5.0992 9.52937e-07 0.0107422 1.5178 1.5178 -1.5178 0.124387 0.124388 -0.124386
-5.0988 9.30109e-07 0.0117188 1.51744 1.51744 -1.51744 0.124358 0.124359 -0.124357
-5.0984 9.07739e-07 -0.00683594 1.51708 1.51708 -1.51708 0.124329 0.12433 -0.124328
-5.098 8.85819e-07 0.00488281 1.51672 1.51672 -1.51671 0.1243 0.124301 -0.124299
-5.0976 8.64342e-07 -0.00390625 1.51635 1.51636 -1.51635 0.124271 0.124272 -0.12427
-5.0972 8.43301e-07 -0.00195312 1.51599 1.516 -1.51599 0.124242 0.124243 -0.124241
-5.0968 8.22688e-07 0.00976562 1.51563 1.51563 -1.51563 0.124213 0.124214 -0.124212
-5.0964 8.02497e-07 -0.00292969 1.51527 1.51527 -1.51527 0.124184 0.124185 -0.124183
-5.096 7.82721e-07 0.00976562 1.51491 1.51491 -1.51491 0.124155 0.124156 -0.124154
-5.0956 7.63352e-07 0.00683594 1.51455 1.51455 -1.51455 0.124126 0.124127 -0.124125
-5.0952 7.44384e-07 0.00488281 1.51419 1.51419 -1.51419 0.124097 0.124098 -0.124096
-5.0948 7.25811e-07 0.00292969 1.51383 1.51383 -1.51383 0.124068 0.124068 -0.124067
-5.0944 7.07626e-07 -0.00390625 1.51347 1.51347 -1.51347 0.124039 0.124039 -0.124038
-5.094 6.89822e-07 -0.015625 1.51311 1.51311 -1.51311 0.12401 0.12401 -0.124009
-5.0936 6.72393e-07 -0.0126953 1.51275 1.51275 -1.51275 0.123981 0.123981 -0.12398
-5.0932 6.55332e-07 -0.00390625 1.51239 1.51239 -1.51239 0.123952 0.123952 -0.123951
-5.0928 6.38633e-07 -0.00976562 1.51203 1.51203 -1.51203 0.123923 0.123923 -0.123922
-5.0924 6.22291e-07 -0.000976562 1.51167 1.51168 -1.51167 0.123894 0.123894 -0.123893
-5.092 6.06299e-07 -0.00683594 1.51132 1.51132 -1.51131 0.123865 0.123865 -0.123864
-5.0916 5.9065e-07 0.0078125 1.51096 1.51096 -1.51096 0.123836 0.123836 -0.123835
-5.0912 5.7534e-07 0.00292969 1.5106 1.5106 -1.5106 0.123807 0.123807 -0.123806
-5.0908 5.60362e-07 -0.0224609 1.51024 1.51024 -1.51024 0.123778 0.123778 -0.123777
-5.0904 5.4571e-07 0.0078125 1.50988 1.50988 -1.50988 0.123749 0.123749 -0.123748
-5.09 5.31379e-07 -0.0117188 1.50952 1.50952 -1.50952 0.12372 0.123721 -0.123719
-5.0896 5.17363e-07 0.00292969 1.50916 1.50916 -1.50916 0.123691 0.123692 -0.123691
-5.0892 5.03656e-07 0.00390625 1.5088 1.5088 -1.5088 0.123662 0.123663 -0.123662
-5.0888 4.90253e-07 0.00488281 1.50844 1.50844 -1.50844 0.123633 0.123634 -0.123633
-5.0884 4.77149e-07 0.00585938 1.50808 1.50808 -1.50808 0.123604 0.123605 -0.123604
-5.088 4.64338e-07 -0.0078125 1.50772 1.50772 -1.50772 0.123575 0.123576 -0.123575
-5.0876 4.51815e-07 -0.0117188 1.50737 1.50737 -1.50737 0.123546 0.123547 -0.123546
-5.0872 4.39575e-07 -0.00976562 1.50701 1.50701 -1.50701 0.123517 0.123518 -0.123517
-5.0868 4.27612e-07 -0.0136719 1.50665 1.50665 -1.50665 0.123489 0.123489 -0.123488
-5.0864 4.15922e-07 -0.000976562 1.50629 1.50629 -1.50629 0.12346 0.12346 -0.123459
-5.086 4.04499e-07 -0.00878906 1.50593 1.50593 -1.50593 0.123431 0.123431 -0.12343
-5.0856 3.93339e-07 0.00292969 1.50557 1.50557 -1.50557 0.123402 0.123402 -0.123401
-5.0852 3.82437e-07 -0.00390625 1.50521 1.50521 -1.50521 0.123373 0.123373 -0.123373
-5.0848 3.71787e-07 0.00390625 1.50486 1.50486 -1.50486 0.123344 0.123344 -0.123344
-5.0844 3.61386e-07 0.00195312 1.5045 1.5045 -1.5045 0.123315 0.123316 -0.123315
-5.084 3.51229e-07 0.00488281 1.50414 1.50414 -1.50414 0.123286 0.123287 -0.123286
-5.0836 3.41311e-07 0.0126953 1.50378 1.50378 -1.50378 0.123258 0.123258 -0.123257
-5.0832 3.31627e-07 0.00683594 1.50342 1.50342 -1.50342 0.123229 0.123229 -0.123228
-5.0828 3.22173e-07 0.0107422 1.50307 1.50307 -1.50307 0.1232 0.1232 -0.123199
-5.0824 3.12945e-07 -0.000976562 1.50271 1.50271 -1.50271 0.123171 0.123171 -0.123171
-5.082 3.03938e-07 0.00390625 1.50235 1.50235 -1.50235 0.123142 0.123142 -0.123142
-5.0816 2.95148e-07 0.0078125 1.50199 1.50199 -1.50199 0.123113 0.123114 -0.123113
-5.0812 2.86572e-07 -0.00292969 1.50164 1.50164 -1.50164 0.123084 0.123085 -0.123084
-5.0808 2.78203e-07 -0.00292969 1.50128 1.50128 -1.50128 0.123056 0.123056 -0.123055
-5.0804 2.7004e-07 -0.00292969 1.50092 1.50092 -1.50092 0.123027 0.123027 -0.123027
-5.08 2.62077e-07 -0.0126953 1.50056 1.50056 -1.50056 0.122998 0.122998 -0.122998
-5.0796 2.54311e-07 -0.00292969 1.50021 1.50021 -1.50021 0.122969 0.122969 -0.122969
-5.0792 2.46737e-07 -0.00195312 1.49985 1.49985 -1.49985 0.12294 0.122941 -0.12294
-5.0788 2.39352e-07 -0.000976562 1.49949 1.49949 -1.49949 0.122912 0.122912 -0.122911
-5.0784 2.32153e-07 -0.00585938 1.49913 1.49913 -1.49913 0.122883 0.122883 -0.122883
-5.078 2.25135e-07 -0.00976562 1.49878 1.49878 -1.49878 0.122854 0.122854 -0.122854
-5.0776 2.18294e-07 0.00195312 1.49842 1.49842 -1.49842 0.122825 0.122825 -0.122825
-5.0772 2.11628e-07 -0.00195312 1.49806 1.49806 -1.49806 0.122796 0.122797 -0.122796
-5.0768 2.05132e-07 0.00488281 1.49771 1.49771 -1.49771 0.122768 0.122768 -0.122767
-5.0764 1.98803e-07 0.00195312 1.49735 1.49735 -1.49735 0.122739 0.122739 -0.122739
-5.076 1.92638e-07 0.00878906 1.49699 1.49699 -1.49699 0.12271 0.12271 -0.12271
-5.0756 1.86633e-07 0.000976562 1.49664 1.49664 -1.49664 0.122681 0.122682 -0.122681
-5.0752 1.80784e-07 -0.00585938 1.49628 1.49628 -1.49628 0.122653 0.122653 -0.122652
-5.0748 1.7509e-07 0.000976562 1.49592 1.49592 -1.49592 0.122624 0.122624 -0.122624
-5.0744 1.69545e-07 0.00390625 1.49557 1.49557 -1.49557 0.122595 0.122595 -0.122595
-5.074 1.64148e-07 0.00683594 1.49521 1.49521 -1.49521 0.122566 0.122567 -0.122566
-5.0736 1.58894e-07 0 1.49485 1.49485 -1.49485 0.122538 0.122538 -0.122538
-5.0732 1.53782e-07 -0.0107422 1.4945 1.4945 -1.4945 0.122509 0.122509 -0.122509
-5.0728 1.48807e-07 0.00292969 1.49414 1.49414 -1.49414 0.12248 0.12248 -0.12248
-5.0724 1.43967e-07 0.00585938 1.49379 1.49379 -1.49379 0.122452 0.122452 -0.122451
-5.072 1.39259e-07 0.00488281 1.49343 1.49343 -1.49343 0.122423 0.122423 -0.122423
-5.0716 1.3468e-07 -0.00488281 1.49307 1.49307 -1.49307 0.122394 0.122394 -0.122394
-5.0712 1.30227e-07 0.00878906 1.49272 1.49272 -1.49272 0.122366 0.122366 -0.122365
-5.0708 1.25898e-07 -0.00585938 1.49236 1.49236 -1.49236 0.122337 0.122337 -0.122337
-5.07039 1.21689e-07 -0.00683594 1.49201 1.49201 -1.49201 0.122308 0.122308 -0.122308
-5.06999 1.17598e-07 0.00390625 1.49165 1.49165 -1.49165 0.122279 0.12228 -0.122279
-5.06959 1.13622e-07 -0.000976562 1.4913 1.4913 -1.4913 0.122251 0.122251 -0.122251
-5.06919 1.09759e-07 -0.000976562 1.49094 1.49094 -1.49094 0.122222 0.122222 -0.122222
-5.06879 1.06006e-07 -0.00488281 1.49059 1.49059 -1.49059 0.122193 0.122194 -0.122193
-5.06839 1.02361e-07 0.000976562 1.49023 1.49023 -1.49023 0.122165 0.122165 -0.122165
-5.06799 9.88203e-08 0.0117188 1.48988 1.48988 -1.48987 0.122136 0.122136 -0.122136
-5.06759 9.53826e-08 -0.00683594 1.48952 1.48952 -1.48952 0.122108 0.122108 -0.122107
-5.06719 9.20451e-08 -0.000976562 1.48916 1.48916 -1.48916 0.122079 0.122079 -0.122079
-5.06679 8.88056e-08 0.000976562 1.48881 1.48881 -1.48881 0.12205 0.12205 -0.12205
-5.06639 8.56615e-08 -0.00292969 1.48845 1.48845 -1.48845 0.122022 0.122022 -0.122022
-5.06599 8.26108e-08 -0.000976562 1.4881 1.4881 -1.4881 0.121993 0.121993 -0.121993
-5.06559 7.96512e-08 0.00195312 1.48774 1.48774 -1.48774 0.121964 0.121964 -0.121964
-5.06519 7.67805e-08 -0.00585938 1.48739 1.48739 -1.48739 0.121936 0.121936 -0.121936
-5.06479 7.39965e-08 -0.00390625 1.48704 1.48704 -1.48704 0.121907 0.121907 -0.121907
-5.06439 7.12972e-08 -0.000976562 1.48668 1.48668 -1.48668 0.121879 0.121879 -0.121879
-5.06399 6.86804e-08 0.00195312 1.48633 1.48633 -1.48633 0.12185 0.12185 -0.12185
-5.06359 6.61441e-08 0.015625 1.48597 1.48597 -1.48597 0.121821 0.121821 -0.121821
-5.06319 6.36864e-08 0.00390625 1.48562 1.48562 -1.48562 0.121793 0.121793 -0.121793
-5.06279 6.13053e-08 0.0117188 1.48526 1.48526 -1.48526 0.121764 0.121764 -0.121764
-5.06239 5.89988e-08 0.000976562 1.48491 1.48491 -1.48491 0.121736 0.121736 -0.121736
-5.06199 5.67651e-08 0.00976562 1.48455 1.48455 -1.48455 0.121707 0.121707 -0.121707
-5.06159 5.46023e-08 -0.000976562 1.4842 1.4842 -1.4842 0.121679 0.121679 -0.121679
-5.06119 5.25086e-08 -0.00683594 1.48385 1.48385 -1.48385 0.12165 0.12165 -0.12165
-5.06079 5.04822e-08 0.00292969 1.48349 1.48349 -1.48349 0.121621 0.121622 -0.121621
-5.06039 4.85215e-08 0.00292969 1.48314 1.48314 -1.48314 0.121593 0.121593 -0.121593
-5.05999 4.66246e-08 0.0078125 1.48278 1.48278 -1.48278 0.121564 0.121564 -0.121564
-5.05959 4.47899e-08 -0.00683594 1.48243 1.48243 -1.48243 0.121536 0.121536 -0.121536
-5.05919 4.30158e-08 0.0078125 1.48208 1.48208 -1.48208 0.121507 0.121507 -0.121507
-5.05879 4.13006e-08 0.00390625 1.48172 1.48172 -1.48172 0.121479 0.121479 -0.121479
-5.05839 3.96428e-08 -0.00585938 1.48137 1.48137 -1.48137 0.12145 0.12145 -0.12145
-5.05799 3.80409e-08 0 1.48102 1.48102 -1.48102 0.121422 0.121422 -0.121422
-5.05759 3.64932e-08 -0.00878906 1.48066 1.48066 -1.48066 0.121393 0.121393 -0.121393
-5.05719 3.49984e-08 -0.00195312 1.48031 1.48031 -1.48031 0.121365 0.121365 -0.121365
-5.05679 3.3555e-08 -0.000976562 1.47996 1.47996 -1.47996 0.121336 0.121336 -0.121336
-5.05639 3.21615e-08 0.000976562 1.4796 1.4796 -1.4796 0.121308 0.121308 -0.121308
-5.05599 3.08165e-08 -0.0214844 1.47925 1.47925 -1.47925 0.121279 0.121279 -0.121279
-5.05559 2.95188e-08 0.00488281 1.4789 1.4789 -1.4789 0.121251 0.121251 -0.121251
-5.05519 2.8267e-08 0.00683594 1.47854 1.47854 -1.47854 0.121222 0.121222 -0.121222
-5.05479 2.70596e-08 0.00976562 1.47819 1.47819 -1.47819 0.121194 0.121194 -0.121194
-5.05439 2.58956e-08 -0.00683594 1.47784 1.47784 -1.47784 0.121165 0.121165 -0.121165
-5.05399 2.47736e-08 0.00585938 1.47749 1.47749 -1.47749 0.121137 0.121137 -0.121137
-5.05359 2.36924e-08 0.00390625 1.47713 1.47713 -1.47713 0.121109 0.121109 -0.121109
-5.05319 2.26509e-08 0.00195312 1.47678 1.47678 -1.47678 0.12108 0.12108 -0.12108
-5.05279 2.16477e-08 0 1.47643 1.47643 -1.47643 0.121052 0.121052 -0.121052
-5.05239 2.06819e-08 -0.00585938 1.47608 1.47608 -1.47608 0.121023 0.121023 -0.121023
-5.05199 1.97522e-08 0.00292969 1.47572 1.47572 -1.47572 0.120995 0.120995 -0.120995
-5.05159 1.88577e-08 0.00195312 1.47537 1.47537 -1.47537 0.120966 0.120966 -0.120966
-5.05119 1.79971e-08 0.00585938 1.47502 1.47502 -1.47502 0.120938 0.120938 -0.120938
-5.05079 1.71695e-08 0.000976562 1.47467 1.47467 -1.47467 0.12091 0.12091 -0.12091
-5.05039 1.63739e-08 -0.00390625 1.47431 1.47431 -1.47431 0.120881 0.120881 -0.120881
-5.04999 1.56093e-08 0 1.47396 1.47396 -1.47396 0.120853 0.120853 -0.120853
-5.04959 1.48746e-08 0.00585938 1.47361 1.47361 -1.47361 0.120824 0.120824 -0.120824
-5.04919 1.4169e-08 -0.00390625 1.47326 1.47326 -1.47326 0.120796 0.120796 -0.120796
-5.04879 1.34915e-08 0.000976562 1.47291 1.47291 -1.47291 0.120768 0.120768 -0.120768
-5.04839 1.28412e-08 -0.0078125 1.47255 1.47255 -1.47255 0.120739 0.120739 -0.120739
-5.04799 1.22173e-08 0.0078125 1.4722 1.4722 -1.4722 0.120711 0.120711 -0.120711
-5.04759 1.16188e-08 0.00878906 1.47185 1.47185 -1.47185 0.120682 0.120682 -0.120682
-5.04719 1.10449e-08 0.00976562 1.4715 1.4715 -1.4715 0.120654 0.120654 -0.120654
-5.04679 1.04949e-08 0.0117188 1.47115 1.47115 -1.47115 0.120626 0.120626 -0.120626
-5.04639 9.96788e-09 0.00878906 1.4708 1.4708 -1.4708 0.120597 0.120597 -0.120597
-5.04599 9.46311e-09 -0.0146484 1.47044 1.47044 -1.47044 0.120569 0.120569 -0.120569
-5.04559 8.97982e-09 0.00683594 1.47009 1.47009 -1.47009 0.120541 0.120541 -0.120541
-5.04519 8.51728e-09 0.00976562 1.46974 1.46974 -1.46974 0.120512 0.120512 -0.120512
-5.04479 8.07476e-09 -0.0078125 1.46939 1.46939 -1.46939 0.120484 0.120484 -0.120484
-5.04439 7.65157e-09 0 1.46904 1.46904 -1.46904 0.120456 0.120456 -0.120456
-5.04399 7.24703e-09 0.0126953 1.46869 1.46869 -1.46869 0.120427 0.120427 -0.120427
-5.04359 6.86047e-09 0.00585938 1.46834 1.46834 -1.46834 0.120399 0.120399 -0.120399
-5.04319 6.49125e-09 0.00390625 1.46799 1.46799 -1.46799 0.120371 0.120371 -0.120371
-5.04279 6.13873e-09 0.0078125 1.46764 1.46764 -1.46764 0.120342 0.120342 -0.120342
-5.04239 5.80232e-09 0.000976562 1.46729 1.46729 -1.46729 0.120314 0.120314 -0.120314
-5.04199 5.48141e-09 0.00976562 1.46693 1.46693 -1.46693 0.120286 0.120286 -0.120286
-5.04159 5.17544e-09 0.00390625 1.46658 1.46658 -1.46658 0.120258 0.120258 -0.120258
-5.04119 4.88382e-09 0.00878906 1.46623 1.46623 -1.46623 0.120229 0.120229 -0.120229
-5.04079 4.60604e-09 -0.00195312 1.46588 1.46588 -1.46588 0.120201 0.120201 -0.120201
-5.04039 4.34154e-09 -0.0117188 1.46553 1.46553 -1.46553 0.120173 0.120173 -0.120173
-5.03999 4.08983e-09 0.00292969 1.46518 1.46518 -1.46518 0.120145 0.120145 -0.120144
-5.03959 3.85039e-09 -0.00683594 1.46483 1.46483 -1.46483 0.120116 0.120116 -0.120116
-5.03919 3.62276e-09 -0.00195312 1.46448 1.46448 -1.46448 0.120088 0.120088 -0.120088
-5.03879 3.40645e-09 -0.00195312 1.46413 1.46413 -1.46413 0.12006 0.12006 -0.12006
-5.03839 3.20101e-09 -0.015625 1.46378 1.46378 -1.46378 0.120032 0.120032 -0.120032
-5.03799 3.006e-09 0.00976562 1.46343 1.46343 -1.46343 0.120003 0.120003 -0.120003
-5.03759 2.821e-09 -0.00390625 1.46308 1.46308 -1.46308 0.119975 0.119975 -0.119975
-5.03719 2.64558e-09 -0.00292969 1.46273 1.46273 -1.46273 0.119947 0.119947 -0.119947
-5.03679 2.47935e-09 0.00390625 1.46238 1.46238 -1.46238 0.119919 0.119919 -0.119919
-5.03639 2.32191e-09 0.00488281 1.46203 1.46203 -1.46203 0.11989 0.11989 -0.11989
-5.03599 2.1729e-09 0.00195312 1.46168 1.46168 -1.46168 0.119862 0.119862 -0.119862
-5.03559 2.03194e-09 0.00878906 1.46133 1.46133 -1.46133 0.119834 0.119834 -0.119834
-5.03519 1.89868e-09 0.00683594 1.46098 1.46098 -1.46098 0.119806 0.119806 -0.119806
-5.03479 1.77279e-09 0.0136719 1.46063 1.46063 -1.46063 0.119778 0.119778 -0.119778
-5.03439 1.65394e-09 0.00683594 1.46028 1.46028 -1.46028 0.119749 0.119749 -0.119749
-5.03399 1.5418e-09 0 1.45994 1.45994 -1.45994 0.119721 0.119721 -0.119721
-5.03359 1.43606e-09 0.0078125 1.45959 1.45959 -1.45959 0.119693 0.119693 -0.119693
-5.03319 1.33644e-09 0.000976562 1.45924 1.45924 -1.45924 0.119665 0.119665 -0.119665
-5.03279 1.24265e-09 0.00488281 1.45889 1.45889 -1.45889 0.119637 0.119637 -0.119637
-5.03239 1.15441e-09 -0.00683594 1.45854 1.45854 -1.45854 0.119609 0.119609 -0.119609
-5.03199 1.07145e-09 -0.00292969 1.45819 1.45819 -1.45819 0.11958 0.11958 -0.11958
-5.03159 9.93524e-10 0.000976562 1.45784 1.45784 -1.45784 0.119552 0.119552 -0.119552
-5.03119 9.20377e-10 0.000976562 1.45749 1.45749 -1.45749 0.119524 0.119524 -0.119524
-5.03079 8.51774e-10 -0.00976562 1.45714 1.45714 -1.45714 0.119496 0.119496 -0.119496
-5.03039 7.87487e-10 0.00488281 1.4568 1.4568 -1.4568 0.119468 0.119468 -0.119468
-5.02999 7.27294e-10 -0.00488281 1.45645 1.45645 -1.45645 0.11944 0.11944 -0.11944
-5.02959 6.70986e-10 0.00488281 1.4561 1.4561 -1.4561 0.119412 0.119412 -0.119412
-5.02919 6.18358e-10 0.00488281 1.45575 1.45575 -1.45575 0.119383 0.119383 -0.119383
-5.02879 5.69216e-10 0 1.4554 1.4554 -1.4554 0.119355 0.119355 -0.119355
-5.02839 5.23373e-10 0.000976562 1.45505 1.45505 -1.45505 0.119327 0.119327 -0.119327
-5.02799 4.80648e-10 0.0117188 1.4547 1.4547 -1.4547 0.119299 0.119299 -0.119299
-5.02759 4.4087e-10 0.0078125 1.45436 1.45436 -1.45436 0.119271 0.119271 -0.119271
-5.02719 4.03875e-10 -0.0107422 1.45401 1.45401 -1.45401 0.119243 0.119243 -0.119243
-5.02679 3.69503e-10 -0.00390625 1.45366 1.45366 -1.45366 0.119215 0.119215 -0.119215
-5.02639 3.37605e-10 0.0078125 1.45331 1.45331 -1.45331 0.119187 0.119187 -0.119187
-5.02599 3.08035e-10 0 1.45296 1.45296 -1.45296 0.119159 0.119159 -0.119159
-5.02559 2.80655e-10 -0.0078125 1.45262 1.45262 -1.45262 0.119131 0.119131 -0.119131
-5.02519 2.55335e-10 0.00878906 1.45227 1.45227 -1.45227 0.119103 0.119103 -0.119103
-5.02479 2.31947e-10 -0.00878906 1.45192 1.45192 -1.45192 0.119075 0.119075 -0.119075
-5.02439 2.10372e-10 -0.00585938 1.45157 1.45157 -1.45157 0.119046 0.119046 -0.119046
-5.02399 1.90497e-10 -0.00292969 1.45123 1.45123 -1.45123 0.119018 0.119018 -0.119018
-5.02359 1.72211e-10 0 1.45088 1.45088 -1.45088 0.11899 0.11899 -0.11899
-5.02319 1.55412e-10 0.00390625 1.45053 1.45053 -1.45053 0.118962 0.118962 -0.118962
-5.02279 1.40002e-10 -0.0078125 1.45018 1.45018 -1.45018 0.118934 0.118934 -0.118934
-5.02239 1.25886e-10 0.00585938 1.44984 1.44984 -1.44984 0.118906 0.118906 -0.118906
-5.02199 1.12977e-10 -0.00488281 1.44949 1.44949 -1.44949 0.118878 0.118878 -0.118878
-5.02159 1.01191e-10 0.00878906 1.44914 1.44914 -1.44914 0.11885 0.11885 -0.11885
-5.02119 9.04473e-11 0.0078125 1.44879 1.44879 -1.44879 0.118822 0.118822 -0.118822
-5.02079 8.06717e-11 -0.00683594 1.44845 1.44845 -1.44845 0.118794 0.118794 -0.118794
-5.02039 7.17928e-11 -0.0078125 1.4481 1.4481 -1.4481 0.118766 0.118766 -0.118766
-5.01999 6.37437e-11 0.00195312 1.44775 1.44775 -1.44775 0.118738 0.118738 -0.118738
-5.01959 5.64611e-11 -0.0117188 1.44741 1.44741 -1.44741 0.11871 0.11871 -0.11871
-5.01919 4.98855e-11 -0.00683594 1.44706 1.44706 -1.44706 0.118682 0.118682 -0.118682
-5.01879 4.39608e-11 0.00292969 1.44671 1.44671 -1.44671 0.118654 0.118654 -0.118654
-5.01839 3.86345e-11 0.00878906 1.44637 1.44637 -1.44637 0.118626 0.118626 -0.118626
-5.01799 3.38572e-11 0.00488281 1.44602 1.44602 -1.44602 0.118598 0.118598 -0.118598
-5.01759 2.95826e-11 0.000976562 1.44567 1.44567 -1.44567 0.11857 0.11857 -0.11857
-5.01719 2.57676e-11 -0.00683594 1.44533 1.44533 -1.44533 0.118542 0.118542 -0.118542
-5.01679 2.23717e-11 -0.000976562 1.44498 1.44498 -1.44498 0.118514 0.118514 -0.118514
-5.01639 1.93572e-11 0.000976562 1.44464 1.44464 -1.44464 0.118487 0.118487 -0.118487
-5.01599 1.66891e-11 -0.00683594 1.44429 1.44429 -1.44429 0.118459 0.118459 -0.118459
-5.01559 1.43348e-11 0.00976562 1.44394 1.44394 -1.44394 0.118431 0.118431 -0.118431
-5.01519 1.2264e-11 -0.00292969 1.4436 1.4436 -1.4436 0.118403 0.118403 -0.118403
-5.01479 1.04487e-11 0 1.44325 1.44325 -1.44325 0.118375 0.118375 -0.118375
-5.01439 8.86311e-12 0.00292969 1.44291 1.44291 -1.44291 0.118347 0.118347 -0.118347
-5.01399 7.4833e-12 0.00585938 1.44256 1.44256 -1.44256 0.118319 0.118319 -0.118319
-5.01359 6.28734e-12 0.0185547 1.44221 1.44221 -1.44221 0.118291 0.118291 -0.118291
-5.01319 5.25509e-12 0.00195312 1.44187 1.44187 -1.44187 0.118263 0.118263 -0.118263
-5.01279 4.3681e-12 -0.00878906 1.44152 1.44152 -1.44152 0.118235 0.118235 -0.118235
-5.01239 3.60955e-12 0 1.44118 1.44118 -1.44118 0.118207 0.118207 -0.118207
-5.01199 2.96411e-12 -0.000976562 1.44083 1.44083 -1.44083 0.11818 0.11818 -0.11818
-5.01159 2.41785e-12 0.0078125 1.44049 1.44049 -1.44049 0.118152 0.118152 -0.118152
-5.01119 1.95819e-12 0.00683594 1.44014 1.44014 -1.44014 0.118124 0.118124 -0.118124
-5.01079 1.57379e-12 -0.0126953 1.4398 1.4398 -1.4398 0.118096 0.118096 -0.118096
-5.01039 1.25443e-12 -0.00292969 1.43945 1.43945 -1.43945 0.118068 0.118068 -0.118068
-5.00998 9.91016e-13 -0.0078125 1.43911 1.43911 -1.43911 0.11804 0.11804 -0.11804
-5.00958 7.75401e-13 -0.0126953 1.43876 1.43876 -1.43876 0.118012 0.118012 -0.118012
-5.00918 6.00384e-13 0.00195312 1.43842 1.43842 -1.43842 0.117984 0.117984 -0.117984
-5.00878 4.59603e-13 -0.00195312 1.43807 1.43807 -1.43807 0.117957 0.117957 -0.117957
-5.00838 3.47477e-13 -0.0107422 1.43773 1.43773 -1.43773 0.117929 0.117929 -0.117929
-5.00798 2.59138e-13 -0.00488281 1.43738 1.43738 -1.43738 0.117901 0.117901 -0.117901
-5.00758 1.90365e-13 -0.00390625 1.43704 1.43704 -1.43704 0.117873 0.117873 -0.117873
-5.00718 1.37525e-13 0.00292969 1.43669 1.43669 -1.43669 0.117845 0.117845 -0.117845
-5.00678 9.75178e-14 0.00390625 1.43635 1.43635 -1.43635 0.117818 0.117818 -0.117818
-5.00638 6.77188e-14 0.00585938 1.436 1.436 -1.436 0.11779 0.11779 -0.11779
-5.00598 4.59286e-14 -0.00683594 1.43566 1.43566 -1.43566 0.117762 0.117762 -0.117762
-5.00558 3.03239e-14 -0.00488281 1.43531 1.43531 -1.43531 0.117734 0.117734 -0.117734
-5.00518 1.94123e-14 0.0078125 1.43497 1.43497 -1.43497 0.117706 0.117706 -0.117706
-5.00478 1.19896e-14 -0.0195312 1.43462 1.43462 -1.43462 0.117679 0.117679 -0.117679
-5.00438 7.09982e-15 -0.00683594 1.43428 1.43428 -1.43428 0.117651 0.117651 -0.117651
-5.00398 3.99852e-15 0.000976562 1.43394 1.43394 -1.43394 0.117623 0.117623 -0.117623
-5.00358 2.11905e-15 0.00976562 1.43359 1.43359 -1.43359 0.117595 0.117595 -0.117595
-5.00318 1.04162e-15 -0.00195312 1.43325 1.43325 -1.43325 0.117567 0.117567 -0.117567
-5.00278 4.65377e-16 0.00683594 1.4329 1.4329 -1.4329 0.11754 0.11754 -0.11754
-5.00238 1.83451e-16 -0.0136719 1.43256 1.43256 -1.43256 0.117512 0.117512 -0.117512
-5.00198 6.09229e-17 -0.00488281 1.43222 1.43222 -1.43222 0.117484 0.117484 -0.117484
-5.00158 1.57701e-17 -0.0107422 1.43187 1.43187 -1.43187 0.117456 0.117456 -0.117456
-5.00118 2.74809e-18 -0.000976562 1.43153 1.43153 -1.43153 0.117429 0.117429 -0.117429
-5.00078 2.31231e-19 0.00292969 1.43119 1.43119 -1.43119 0.117401 0.117401 -0.117401
-5.00038 3.1751e-21 -0.00683594 1.43084 1.43084 -1.43084 0.117373 0.117373 -0.117373
-4.99998 2.16087e-29 0.0126953 1.4305 1.4305 -1.4305 0.117345 0.117345 -0.117345
-4.99958 5.23949e-21 0.00390625 1.43016 1.43016 -1.43016 0.117318 0.117318 -0.117318
-4.99918 2.97006e-19 -0.00585938 1.42981 1.42981 -1.42981 0.11729 0.11729 -0.11729
-4.99878 3.24717e-18 -0.00488281 1.42947 1.42947 -1.42947 0.117262 0.117262 -0.117262
-4.99838 1.78726e-17 -0.00390625 1.42913 1.42913 -1.42913 0.117235 0.117235 -0.117235
-4.99798 6.73384e-17 -0.00292969 1.42878 1.42878 -1.42878 0.117207 0.117207 -0.117207
-4.99758 1.99413e-16 -0.00195312 1.42844 1.42844 -1.42844 0.117179 0.117179 -0.117179
-4.99718 4.99877e-16 0 1.4281 1.4281 -1.4281 0.117152 0.117152 -0.117152
-4.99678 1.10888e-15 0.0117188 1.42775 1.42775 -1.42775 0.117124 0.117124 -0.117124
-4.99638 2.24026e-15 -0.000976562 1.42741 1.42741 -1.42741 0.117096 0.117096 -0.117096
-4.99598 4.20378e-15 0.0107422 1.42707 1.42707 -1.42707 0.117069 0.117069 -0.117069
-4.99558 7.43039e-15 0.0078125 1.42673 1.42673 -1.42673 0.117041 0.117041 -0.117041
-4.99518 1.25004e-14 -0.00878906 1.42638 1.42638 -1.42638 0.117013 0.117013 -0.117013
-4.99478 2.01744e-14 -0.000976562 1.42604 1.42604 -1.42604 0.116986 0.116986 -0.116986
-4.99438 3.14278e-14 0.00683594 1.4257 1.4257 -1.4257 0.116958 0.116958 -0.116958
-4.99398 4.74872e-14 0.00488281 1.42536 1.42536 -1.42536 0.11693 0.11693 -0.11693
-4.99358 6.98711e-14 -0.0117188 1.42501 1.42501 -1.42501 0.116903 0.116903 -0.116903
-4.99318 1.00432e-13 0.00683594 1.42467 1.42467 -1.42467 0.116875 0.116875 -0.116875
-4.99278 1.41403e-13 0.000976562 1.42433 1.42433 -1.42433 0.116847 0.116847 -0.116847
-4.99238 1.95447e-13 0.00488281 1.42399 1.42399 -1.42399 0.11682 0.11682 -0.11682
-4.99198 2.65706e-13 0.00878906 1.42365 1.42365 -1.42365 0.116792 0.116792 -0.116792
-4.99158 3.5586e-13 -0.00195312 1.4233 1.4233 -1.4233 0.116765 0.116765 -0.116765
-4.99118 4.70181e-13 0.00292969 1.42296 1.42296 -1.42296 0.116737 0.116737 -0.116737
-4.99078 6.13594e-13 -0.00683594 1.42262 1.42262 -1.42262 0.116709 0.116709 -0.116709
-4.99038 7.91745e-13 0.0078125 1.42228 1.42228 -1.42228 0.116682 0.116682 -0.116682
-4.98998 1.01106e-12 -0.00195312 1.42194 1.42194 -1.42194 0.116654 0.116654 -0.116654
-4.98958 1.27882e-12 0.00878906 1.42159 1.42159 -1.42159 0.116627 0.116627 -0.116627
-4.98918 1.60324e-12 -0.000976562 1.42125 1.42125 -1.42125 0.116599 0.116599 -0.116599
-4.98878 1.99352e-12 0 1.42091 1.42091 -1.42091 0.116571 0.116571 -0.116571
-4.98838 2.45995e-12 0.0107422 1.42057 1.42057 -1.42057 0.116544 0.116544 -0.116544
-4.98798 3.01398e-12 -0.00292969 1.42023 1.42023 -1.42023 0.116516 0.116516 -0.116516
-4.98758 3.66832e-12 0.00390625 1.41989 1.41989 -1.41989 0.116489 0.116489 -0.116489
-4.98718 4.43697e-12 0.00585938 1.41955 1.41955 -1.41955 0.116461 0.116461 -0.116461
-4.98678 5.33541e-12 -0.00195312 1.41921 1.41921 -1.41921 0.116434 0.116434 -0.116434
-4.98638 6.38059e-12 -0.00488281 1.41886 1.41886 -1.41886 0.116406 0.116406 -0.116406
-4.98598 7.5911e-12 -0.0078125 1.41852 1.41852 -1.41852 0.116379 0.116379 -0.116379
-4.98558 8.98721e-12 0 1.41818 1.41818 -1.41818 0.116351 0.116351 -0.116351
-4.98518 1.0591e-11 -0.0078125 1.41784 1.41784 -1.41784 0.116323 0.116323 -0.116323
-4.98478 1.24266e-11 0.00976562 1.4175 1.4175 -1.4175 0.116296 0.116296 -0.116296
-4.98438 1.452e-11 0.00292969 1.41716 1.41716 -1.41716 0.116268 0.116268 -0.116268
-4.98398 1.68993e-11 -0.00292969 1.41682 1.41682 -1.41682 0.116241 0.116241 -0.116241
-4.98358 1.9595e-11 0 1.41648 1.41648 -1.41648 0.116213 0.116213 -0.116213
-4.98318 2.26399e-11 -0.0107422 1.41614 1.41614 -1.41614 0.116186 0.116186 -0.116186
-4.98278 2.60693e-11 0.0175781 1.4158 1.4158 -1.4158 0.116158 0.116158 -0.116158
-4.98238 2.99211e-11 -0.0175781 1.41546 1.41546 -1.41546 0.116131 0.116131 -0.116131
-4.98198 3.42359e-11 -0.00292969 1.41512 1.41512 -1.41512 0.116103 0.116103 -0.116103
-4.98158 3.90572e-11 0.000976562 1.41478 1.41478 -1.41478 0.116076 0.116076 -0.116076
-4.98118 4.44315e-11 -0.0136719 1.41444 1.41444 -1.41444 0.116049 0.116049 -0.116049
-4.98078 5.04085e-11 0.000976562 1.4141 1.4141 -1.4141 0.116021 0.116021 -0.116021
-4.98038 5.70409e-11 0.0107422 1.41376 1.41376 -1.41376 0.115994 0.115994 -0.115994
-4.97998 6.43851e-11 -0.00292969 1.41342 1.41342 -1.41342 0.115966 0.115966 -0.115966
-4.97958 7.2501e-11 -0.00292969 1.41308 1.41308 -1.41308 0.115939 0.115939 -0.115939
-4.97918 8.1452e-11 0.00292969 1.41274 1.41274 -1.41274 0.115911 0.115911 -0.115911
-4.97878 9.13057e-11 0.00390625 1.4124 1.4124 -1.4124 0.115884 0.115884 -0.115884
-4.97838 1.02133e-10 0.00976562 1.41206 1.41206 -1.41206 0.115856 0.115856 -0.115856
-4.97798 1.1401e-10 0.00683594 1.41172 1.41172 -1.41172 0.115829 0.115829 -0.115829
-4.97758 1.27017e-10 -0.00195312 1.41138 1.41138 -1.41138 0.115802 0.115802 -0.115802
-4.97718 1.41237e-10 -0.00488281 1.41104 1.41104 -1.41104 0.115774 0.115774 -0.115774
-4.97678 1.56759e-10 0.00195312 1.4107 1.4107 -1.4107 0.115747 0.115747 -0.115747
-4.97638 1.73679e-10 -0.00488281 1.41036 1.41036 -1.41036 0.115719 0.115719 -0.115719
-4.97598 1.92093e-10 -0.00292969 1.41002 1.41002 -1.41002 0.115692 0.115692 -0.115692
-4.97558 2.12106e-10 -0.00976562 1.40968 1.40968 -1.40968 0.115664 0.115664 -0.115664
-4.97518 2.33827e-10 0.0078125 1.40934 1.40934 -1.40934 0.115637 0.115637 -0.115637
-4.97478 2.57372e-10 -0.00390625 1.409 1.409 -1.409 0.11561 0.11561 -0.11561
-4.97438 2.82859e-10 -0.000976562 1.40866 1.40866 -1.40866 0.115582 0.115582 -0.115582
-4.97398 3.10416e-10 0.00292969 1.40832 1.40832 -1.40832 0.115555 0.115555 -0.115555
-4.97358 3.40175e-10 0.00195312 1.40799 1.40799 -1.40799 0.115528 0.115528 -0.115528
-4.97318 3.72274e-10 0.00488281 1.40765 1.40765 -1.40765 0.1155 0.1155 -0.1155
-4.97278 4.06859e-10 -0.00976562 1.40731 1.40731 -1.40731 0.115473 0.115473 -0.115473
-4.97238 4.44081e-10 0.00390625 1.40697 1.40697 -1.40697 0.115446 0.115446 -0.115446
-4.97198 4.84098e-10 0.00390625 1.40663 1.40663 -1.40663 0.115418 0.115418 -0.115418
-4.97158 5.27076e-10 0.0126953 1.40629 1.40629 -1.40629 0.115391 0.115391 -0.115391
-4.97118 5.73187e-10 -0.00195312 1.40595 1.40595 -1.40595 0.115363 0.115363 -0.115363
-4.97078 6.22613e-10 0.00390625 1.40562 1.40562 -1.40562 0.115336 0.115336 -0.115336
-4.97038 6.7554e-10 0.00390625 1.40528 1.40528 -1.40528 0.115309 0.115309 -0.115309
-4.96998 7.32165e-10 0 1.40494 1.40494 -1.40494 0.115281 0.115281 -0.115281
-4.96958 7.92691e-10 0.00488281 1.4046 1.4046 -1.4046 0.115254 0.115254 -0.115254
-4.96918 8.5733e-10 0.00195312 1.40426 1.40426 -1.40426 0.115227 0.115227 -0.115227
-4.96878 9.26303e-10 0.0078125 1.40392 1.40392 -1.40392 0.1152 0.1152 -0.1152
-4.96838 9.9984e-10 -0.000976562 1.40359 1.40359 -1.40359 0.115172 0.115172 -0.115172
-4.96798 1.07818e-09 0.00585938 1.40325 1.40325 -1.40325 0.115145 0.115145 -0.115145
-4.96758 1.16157e-09 0.0078125 1.40291 1.40291 -1.40291 0.115118 0.115118 -0.115118
-4.96718 1.25026e-09 0.00976562 1.40257 1.40257 -1.40257 0.11509 0.11509 -0.11509
-4.96678 1.34453e-09 0.00195312 1.40223 1.40223 -1.40223 0.115063 0.115063 -0.115063
-4.96638 1.44465e-09 0.00488281 1.4019 1.4019 -1.4019 0.115036 0.115036 -0.115036
-4.96598 1.5509e-09 0.00683594 1.40156 1.40156 -1.40156 0.115009 0.115009 -0.115009
-4.96558 1.66359e-09 0.00976562 1.40122 1.40122 -1.40122 0.114981 0.114981 -0.114981
-4.96518 1.78302e-09 0.0078125 1.40088 1.40088 -1.40088 0.114954 0.114954 -0.114954
-4.96478 1.90952e-09 0.00683594 1.40055 1.40055 -1.40055 0.114927 0.114927 -0.114927
-4.96438 2.0434e-09 -0.00488281 1.40021 1.40021 -1.40021 0.1149 0.1149 -0.1149
-4.96398 2.18502e-09 0.00390625 1.39987 1.39987 -1.39987 0.114872 0.114872 -0.114872
-4.96358 2.33472e-09 -0.00683594 1.39953 1.39953 -1.39953 0.114845 0.114845 -0.114845
-4.96318 2.49288e-09 0.00195312 1.3992 1.3992 -1.3992 0.114818 0.114818 -0.114818
-4.96278 2.65986e-09 -0.00292969 1.39886 1.39886 -1.39886 0.114791 0.114791 -0.114791
-4.96238 2.83606e-09 0.00585938 1.39852 1.39852 -1.39852 0.114763 0.114763 -0.114763
-4.96198 3.02189e-09 -0.00878906 1.39819 1.39819 -1.39819 0.114736 0.114736 -0.114736
-4.96158 3.21775e-09 -0.0136719 1.39785 1.39785 -1.39785 0.114709 0.114709 -0.114709
-4.96118 3.42407e-09 0.00585938 1.39751 1.39751 -1.39751 0.114682 0.114682 -0.114682
-4.96078 3.64131e-09 -0.00292969 1.39718 1.39718 -1.39718 0.114655 0.114655 -0.114655
-4.96038 3.86991e-09 0.00195312 1.39684 1.39684 -1.39684 0.114627 0.114627 -0.114627
-4.95998 4.11035e-09 -0.00195312 1.3965 1.3965 -1.3965 0.1146 0.1146 -0.1146
-4.95958 4.36311e-09 -0.0107422 1.39617 1.39617 -1.39617 0.114573 0.114573 -0.114573
-4.95918 4.6287e-09 0.00488281 1.39583 1.39583 -1.39583 0.114546 0.114546 -0.114546
-4.95878 4.90762e-09 -0.00292969 1.39549 1.39549 -1.39549 0.114519 0.114519 -0.114519
-4.95838 5.20041e-09 -0.000976562 1.39516 1.39516 -1.39516 0.114491 0.114491 -0.114491
-4.95798 5.50761e-09 0.000976562 1.39482 1.39482 -1.39482 0.114464 0.114464 -0.114464
-4.95758 5.82979e-09 0.00292969 1.39448 1.39449 -1.39448 0.114437 0.114437 -0.114437
-4.95718 6.16752e-09 0 1.39415 1.39415 -1.39415 0.11441 0.11441 -0.11441
-4.95678 6.5214e-09 0.00195312 1.39381 1.39381 -1.39381 0.114383 0.114383 -0.114383
-4.95638 6.89205e-09 -0.00976562 1.39348 1.39348 -1.39348 0.114356 0.114356 -0.114356
-4.95598 7.28008e-09 -0.0117188 1.39314 1.39314 -1.39314 0.114329 0.114329 -0.114329
-4.95558 7.68616e-09 0.0107422 1.3928 1.3928 -1.3928 0.114301 0.114301 -0.114301
-4.95518 8.11093e-09 0.00976562 1.39247 1.39247 -1.39247 0.114274 0.114274 -0.114274
-4.95478 8.55509e-09 -0.00683594 1.39213 1.39213 -1.39213 0.114247 0.114247 -0.114247
-4.95438 9.01934e-09 -0.0126953 1.3918 1.3918 -1.3918 0.11422 0.11422 -0.11422
-4.95398 9.50439e-09 -0.00390625 1.39146 1.39146 -1.39146 0.114193 0.114193 -0.114193
-4.95358 1.0011e-08 0.00488281 1.39113 1.39113 -1.39113 0.114166 0.114166 -0.114166
-4.95318 1.05399e-08 0 1.39079 1.39079 -1.39079 0.114139 0.114139 -0.114139
-4.95278 1.10919e-08 -0.00585938 1.39046 1.39046 -1.39046 0.114112 0.114112 -0.114112
-4.95238 1.16678e-08 -0.000976562 1.39012 1.39012 -1.39012 0.114085 0.114085 -0.114085
-4.95198 1.22683e-08 0.00390625 1.38979 1.38979 -1.38979 0.114057 0.114057 -0.114057
-4.95158 1.28944e-08 0.00488281 1.38945 1.38945 -1.38945 0.11403 0.11403 -0.11403
-4.95118 1.3547e-08 0 1.38911 1.38911 -1.38911 0.114003 0.114003 -0.114003
-4.95078 1.42268e-08 0.000976562 1.38878 1.38878 -1.38878 0.113976 0.113976 -0.113976
-4.95038 1.49348e-08 -0.0078125 1.38844 1.38844 -1.38844 0.113949 0.113949 -0.113949
-4.94998 1.56719e-08 -0.00683594 1.38811 1.38811 -1.38811 0.113922 0.113922 -0.113922
-4.94957 1.64391e-08 -0.00585938 1.38778 1.38778 -1.38778 0.113895 0.113895 -0.113895
-4.94917 1.72373e-08 0.00585938 1.38744 1.38744 -1.38744 0.113868 0.113868 -0.113868
-4.94877 1.80676e-08 -0.00292969 1.38711 1.38711 -1.38711 0.113841 0.113841 -0.113841
-4.94837 1.8931e-08 -0.00585938 1.38677 1.38677 -1.38677 0.113814 0.113814 -0.113814
-4.94797 1.98284e-08 0.00585938 1.38644 1.38644 -1.38644 0.113787 0.113787 -0.113787
-4.94757 2.07611e-08 0.00390625 1.3861 1.3861 -1.3861 0.11376 0.11376 -0.11376
-4.94717 2.173e-08 0.000976562 1.38577 1.38577 -1.38577 0.113733 0.113733 -0.113733
-4.94677 2.27363e-08 -0.000976562 1.38543 1.38543 -1.38543 0.113706 0.113706 -0.113706
-4.94637 2.37811e-08 -0.0078125 1.3851 1.3851 -1.3851 0.113679 0.113679 -0.113679
-4.94597 2.48657e-08 -0.00878906 1.38476 1.38476 -1.38476 0.113652 0.113652 -0.113652
-4.94557 2.59911e-08 -0.000976562 1.38443 1.38443 -1.38443 0.113625 0.113625 -0.113625
-4.94517 2.71587e-08 -0.00683594 1.3841 1.3841 -1.3841 0.113598 0.113598 -0.113598
-4.94477 2.83697e-08 0.0107422 1.38376 1.38376 -1.38376 0.113571 0.113571 -0.113571
-4.94437 2.96253e-08 -0.00878906 1.38343 1.38343 -1.38343 0.113544 0.113544 -0.113544
-4.94397 3.09269e-08 -0.00488281 1.38309 1.38309 -1.38309 0.113517 0.113517 -0.113517
-4.94357 3.22759e-08 -0.000976562 1.38276 1.38276 -1.38276 0.11349 0.11349 -0.11349
-4.94317 3.36735e-08 0.00390625 1.38243 1.38243 -1.38243 0.113463 0.113463 -0.113463
-4.94277 3.51211e-08 -0.00585938 1.38209 1.38209 -1.38209 0.113436 0.113436 -0.113436
-4.94237 3.66203e-08 0.00878906 1.38176 1.38176 -1.38176 0.113409 0.113409 -0.113409
-4.94197 3.81724e-08 -0.000976562 1.38143 1.38143 -1.38143 0.113382 0.113382 -0.113382
-4.94157 3.9779e-08 -0.0146484 1.38109 1.38109 -1.38109 0.113355 0.113355 -0.113355
-4.94117 4.14415e-08 0.000976562 1.38076 1.38076 -1.38076 0.113328 0.113328 -0.113328
-4.94077 4.31615e-08 0.00195312 1.38043 1.38043 -1.38043 0.113301 0.113301 -0.113301
-4.94037 4.49407e-08 -0.00195312 1.38009 1.38009 -1.38009 0.113274 0.113274 -0.113274
-4.93997 4.67805e-08 0.00878906 1.37976 1.37976 -1.37976 0.113247 0.113247 -0.113247
-4.93957 4.86826e-08 -0.00390625 1.37943 1.37943 -1.37943 0.11322 0.11322 -0.11322
-4.93917 5.06488e-08 -0.00683594 1.37909 1.37909 -1.37909 0.113193 0.113194 -0.113193
-4.93877 5.26807e-08 0 1.37876 1.37876 -1.37876 0.113167 0.113167 -0.113167
-4.93837 5.478e-08 -0.00292969 1.37843 1.37843 -1.37843 0.11314 0.11314 -0.11314
-4.93797 5.69487e-08 -0.00488281 1.37809 1.37809 -1.37809 0.113113 0.113113 -0.113113
-4.93757 5.91884e-08 0.00195312 1.37776 1.37776 -1.37776 0.113086 0.113086 -0.113086
-4.93717 6.1501e-08 -0.00488281 1.37743 1.37743 -1.37743 0.113059 0.113059 -0.113059
-4.93677 6.38885e-08 0.0126953 1.3771 1.3771 -1.3771 0.113032 0.113032 -0.113032
-4.93637 6.63527e-08 -0.00292969 1.37676 1.37676 -1.37676 0.113005 0.113005 -0.113005
-4.93597 6.88956e-08 0 1.37643 1.37643 -1.37643 0.112978 0.112978 -0.112978
-4.93557 7.15192e-08 -0.0107422 1.3761 1.3761 -1.3761 0.112951 0.112952 -0.112951
-4.93517 7.42255e-08 -0.00683594 1.37577 1.37577 -1.37577 0.112925 0.112925 -0.112925
-4.93477 7.70167e-08 -0.00292969 1.37543 1.37543 -1.37543 0.112898 0.112898 -0.112898
-4.93437 7.98947e-08 0.0107422 1.3751 1.3751 -1.3751 0.112871 0.112871 -0.112871
-4.93397 8.28619e-08 0.000976562 1.37477 1.37477 -1.37477 0.112844 0.112844 -0.112844
-4.93357 8.59203e-08 0.000976562 1.37444 1.37444 -1.37444 0.112817 0.112817 -0.112817
-4.93317 8.90722e-08 0.000976562 1.3741 1.3741 -1.3741 0.11279 0.11279 -0.11279
-4.93277 9.23198e-08 0.000976562 1.37377 1.37377 -1.37377 0.112764 0.112764 -0.112763
-4.93237 9.56656e-08 0.015625 1.37344 1.37344 -1.37344 0.112737 0.112737 -0.112737
-4.93197 9.91118e-08 0.00195312 1.37311 1.37311 -1.37311 0.11271 0.11271 -0.11271
-4.93157 1.02661e-07 0.0126953 1.37278 1.37278 -1.37278 0.112683 0.112683 -0.112683
-4.93117 1.06315e-07 -0.00585938 1.37244 1.37245 -1.37244 0.112656 0.112656 -0.112656
-4.93077 1.10077e-07 -0.00878906 1.37211 1.37211 -1.37211 0.112629 0.11263 -0.112629
-4.93037 1.1395e-07 0.00195312 1.37178 1.37178 -1.37178 0.112603 0.112603 -0.112603
-4.92997 1.17935e-07 0.00878906 1.37145 1.37145 -1.37145 0.112576 0.112576 -0.112576
-4.92957 1.22035e-07 -0.00878906 1.37112 1.37112 -1.37112 0.112549 0.112549 -0.112549
-4.92917 1.26254e-07 0.0078125 1.37079 1.37079 -1.37079 0.112522 0.112522 -0.112522
-4.92877 1.30594e-07 0.0146484 1.37046 1.37046 -1.37046 0.112495 0.112496 -0.112495
-4.92837 1.35057e-07 -0.00195312 1.37012 1.37012 -1.37012 0.112469 0.112469 -0.112469
-4.92797 1.39647e-07 -0.00878906 1.36979 1.36979 -1.36979 0.112442 0.112442 -0.112442
-4.92757 1.44366e-07 0.00390625 1.36946 1.36946 -1.36946 0.112415 0.112415 -0.112415
-4.92717 1.49217e-07 -0.00292969 1.36913 1.36913 -1.36913 0.112388 0.112389 -0.112388
-4.92677 1.54203e-07 0 1.3688 1.3688 -1.3688 0.112362 0.112362 -0.112362
-4.92637 1.59327e-07 -0.0107422 1.36847 1.36847 -1.36847 0.112335 0.112335 -0.112335
-4.92597 1.64593e-07 -0.0117188 1.36814 1.36814 -1.36814 0.112308 0.112308 -0.112308
-4.92557 1.70002e-07 0.00195312 1.36781 1.36781 -1.36781 0.112281 0.112282 -0.112281
-4.92517 1.75559e-07 0.000976562 1.36748 1.36748 -1.36748 0.112255 0.112255 -0.112255
-4.92477 1.81267e-07 -0.00878906 1.36715 1.36715 -1.36715 0.112228 0.112228 -0.112228
-4.92437 1.87128e-07 0.0146484 1.36682 1.36682 -1.36682 0.112201 0.112201 -0.112201
-4.92397 1.93146e-07 0 1.36648 1.36648 -1.36648 0.112175 0.112175 -0.112174
-4.92357 1.99325e-07 0.000976562 1.36615 1.36615 -1.36615 0.112148 0.112148 -0.112148
-4.92317 2.05668e-07 -0.00390625 1.36582 1.36582 -1.36582 0.112121 0.112121 -0.112121
-4.92277 2.12178e-07 0.00585938 1.36549 1.36549 -1.36549 0.112094 0.112095 -0.112094
-4.92237 2.18858e-07 0.0117188 1.36516 1.36516 -1.36516 0.112068 0.112068 -0.112068
-4.92197 2.25713e-07 -0.00683594 1.36483 1.36483 -1.36483 0.112041 0.112041 -0.112041
-4.92157 2.32747e-07 -0.00976562 1.3645 1.3645 -1.3645 0.112014 0.112015 -0.112014
-4.92117 2.39961e-07 -0.00390625 1.36417 1.36417 -1.36417 0.111988 0.111988 -0.111987
-4.92077 2.47362e-07 0.00292969 1.36384 1.36384 -1.36384 0.111961 0.111961 -0.111961
-4.92037 2.54951e-07 -0.00488281 1.36351 1.36351 -1.36351 0.111934 0.111935 -0.111934
-4.91997 2.62734e-07 0.00195312 1.36318 1.36318 -1.36318 0.111908 0.111908 -0.111907
-4.91957 2.70713e-07 0.00390625 1.36285 1.36285 -1.36285 0.111881 0.111881 -0.111881
-4.91917 2.78894e-07 0.00585938 1.36252 1.36252 -1.36252 0.111854 0.111855 -0.111854
-4.91877 2.87279e-07 -0.000976562 1.36219 1.36219 -1.36219 0.111828 0.111828 -0.111827
-4.91837 2.95874e-07 -0.0126953 1.36186 1.36186 -1.36186 0.111801 0.111801 -0.111801
-4.91797 3.04681e-07 0 1.36153 1.36153 -1.36153 0.111774 0.111775 -0.111774
-4.91757 3.13706e-07 -0.000976562 1.3612 1.36121 -1.3612 0.111748 0.111748 -0.111747
-4.91717 3.22953e-07 0.00195312 1.36088 1.36088 -1.36088 0.111721 0.111721 -0.111721
-4.91677 3.32426e-07 -0.0136719 1.36055 1.36055 -1.36055 0.111694 0.111695 -0.111694
-4.91637 3.42129e-07 0.00976562 1.36022 1.36022 -1.36022 0.111668 0.111668 -0.111668
-4.91597 3.52067e-07 0.00878906 1.35989 1.35989 -1.35989 0.111641 0.111642 -0.111641
-4.91557 3.62245e-07 0.00878906 1.35956 1.35956 -1.35956 0.111615 0.111615 -0.111614
-4.91517 3.72666e-07 0.00292969 1.35923 1.35923 -1.35923 0.111588 0.111588 -0.111588
-4.91477 3.83337e-07 -0.00195312 1.3589 1.3589 -1.3589 0.111561 0.111562 -0.111561
-4.91437 3.9426e-07 0.0078125 1.35857 1.35857 -1.35857 0.111535 0.111535 -0.111534
-4.91397 4.05442e-07 0.00390625 1.35824 1.35824 -1.35824 0.111508 0.111509 -0.111508
-4.91357 4.16887e-07 -0.000976562 1.35791 1.35791 -1.35791 0.111482 0.111482 -0.111481
-4.91317 4.28599e-07 0.0146484 1.35758 1.35759 -1.35758 0.111455 0.111456 -0.111455
-4.91277 4.40585e-07 -0.00390625 1.35726 1.35726 -1.35726 0.111429 0.111429 -0.111428
-4.91237 4.52849e-07 0.00195312 1.35693 1.35693 -1.35693 0.111402 0.111402 -0.111402
-4.91197 4.65396e-07 -0.00585938 1.3566 1.3566 -1.3566 0.111375 0.111376 -0.111375
-4.91157 4.78231e-07 0 1.35627 1.35627 -1.35627 0.111349 0.111349 -0.111348
-4.91117 4.9136e-07 -0.0126953 1.35594 1.35594 -1.35594 0.111322 0.111323 -0.111322
-4.91077 5.04788e-07 0.0136719 1.35561 1.35561 -1.35561 0.111296 0.111296 -0.111295
-4.91037 5.1852e-07 -0.0078125 1.35529 1.35529 -1.35528 0.111269 0.11127 -0.111269
-4.90997 5.32562e-07 -0.00585938 1.35496 1.35496 -1.35496 0.111243 0.111243 -0.111242
-4.90957 5.4692e-07 -0.00292969 1.35463 1.35463 -1.35463 0.111216 0.111217 -0.111216
-4.90917 5.61599e-07 -0.00488281 1.3543 1.3543 -1.3543 0.11119 0.11119 -0.111189
-4.90877 5.76605e-07 -0.00683594 1.35397 1.35397 -1.35397 0.111163 0.111164 -0.111163
-4.90837 5.91943e-07 0.00585938 1.35364 1.35365 -1.35364 0.111137 0.111137 -0.111136
-4.90797 6.0762e-07 0.00488281 1.35332 1.35332 -1.35332 0.11111 0.111111 -0.111109
-4.90757 6.23641e-07 -0.00195312 1.35299 1.35299 -1.35299 0.111084 0.111084 -0.111083
-4.90717 6.40013e-07 0.00683594 1.35266 1.35266 -1.35266 0.111057 0.111058 -0.111056
-4.90677 6.56741e-07 0.00683594 1.35233 1.35233 -1.35233 0.111031 0.111031 -0.11103
-4.90637 6.73833e-07 0.000976562 1.35201 1.35201 -1.35201 0.111004 0.111005 -0.111003
-4.90597 6.91293e-07 0.00585938 1.35168 1.35168 -1.35168 0.110978 0.110978 -0.110977
-4.90557 7.09128e-07 -0.00878906 1.35135 1.35135 -1.35135 0.110951 0.110952 -0.11095
-4.90517 7.27346e-07 0.00585938 1.35102 1.35102 -1.35102 0.110925 0.110925 -0.110924
-4.90477 7.45952e-07 0.000976562 1.3507 1.3507 -1.3507 0.110898 0.110899 -0.110897
-4.90437 7.64953e-07 0.00585938 1.35037 1.35037 -1.35037 0.110872 0.110872 -0.110871
-4.90397 7.84355e-07 -0.0166016 1.35004 1.35004 -1.35004 0.110845 0.110846 -0.110844
-4.90357 8.04166e-07 0.0126953 1.34971 1.34972 -1.34971 0.110819 0.11082 -0.110818
-4.90317 8.24392e-07 0.0136719 1.34939 1.34939 -1.34939 0.110792 0.110793 -0.110792
-4.90277 8.4504e-07 0.00585938 1.34906 1.34906 -1.34906 0.110766 0.110767 -0.110765
-4.90237 8.66117e-07 0.00683594 1.34873 1.34873 -1.34873 0.110739 0.11074 -0.110739
-4.90197 8.87631e-07 0.00878906 1.34841 1.34841 -1.34841 0.110713 0.110714 -0.110712
-4.90157 9.09588e-07 0.00585938 1.34808 1.34808 -1.34808 0.110687 0.110688 -0.110686
-4.90117 9.31996e-07 -0.00585938 1.34775 1.34775 -1.34775 0.11066 0.110661 -0.110659
-4.90077 9.54862e-07 -0.00390625 1.34743 1.34743 -1.34743 0.110634 0.110635 -0.110633
-4.90037 9.78194e-07 0.00390625 1.3471 1.3471 -1.3471 0.110607 0.110608 -0.110606
