1.9 -5.1 7.9 2.19216e-15 5.68687e-12 2.86289e-09
1.9004 -5.0996 7.9004 6.65079e-15 9.50726e-12 4.78979e-09
1.9008 -5.0992 7.9008 8.63149e-16 1.31619e-11 6.75572e-09
1.9012 -5.0988 7.9012 5.17403e-15 1.66114e-11 8.6095e-09
1.9016 -5.0984 7.9016 2.83909e-16 6.41136e-12 3.36243e-09
1.902 -5.098 7.902 3.80566e-15 2.67334e-12 1.42975e-09
1.9024 -5.0976 7.9024 1.25864e-15 8.84865e-13 4.61132e-10
1.9028 -5.0972 7.9028 2.59207e-15 4.35492e-12 2.33368e-09
1.9032 -5.0968 7.9032 2.11999e-15 7.63207e-12 4.21135e-09
1.9036 -5.0964 7.9036 1.48321e-15 1.08123e-11 6.00118e-09
1.904 -5.096 7.904 4.86377e-15 1.37939e-11 7.78483e-09
1.9044 -5.0956 7.9044 5.60093e-16 6.12009e-12 3.51097e-09
1.9048 -5.0952 7.9048 3.73852e-15 2.87446e-12 1.66933e-09
1.9052 -5.0948 7.9052 2.51692e-16 2.07384e-13 1.20086e-10
1.9056 -5.0944 7.9056 2.75424e-15 3.19139e-12 1.88072e-09
1.906 -5.094 7.906 9.8317e-16 6.0558e-12 3.63602e-09
1.9064 -5.0936 7.9064 1.86079e-15 8.80415e-12 5.35124e-09
1.9068 -5.0932 7.9068 1.60352e-15 1.14077e-11 7.04983e-09
1.9072 -5.0928 7.9072 1.04628e-15 5.80614e-12 3.64299e-09
1.9076 -5.0924 7.9076 3.53598e-15 2.97181e-12 1.90729e-09
1.908 -5.092 7.908 3.35342e-16 2.84637e-13 1.76069e-10
1.9084 -5.0916 7.9084 2.68436e-15 2.26129e-12 1.45771e-09
1.9088 -5.0912 7.9088 2.53273e-16 4.74987e-12 3.13393e-09
1.9092 -5.0908 7.9092 1.94722e-15 7.11498e-12 4.75961e-09
1.9096 -5.0904 7.9096 7.89594e-16 9.36714e-12 6.30002e-09
1.91 -5.09 7.91 1.30009e-15 1.14792e-11 7.895e-09
1.9104 -5.0896 7.9104 3.21857e-15 2.98541e-12 2.0735e-09
1.9108 -5.0892 7.9108 7.04449e-16 6.50403e-13 4.73607e-10
1.9112 -5.0888 7.9112 2.53848e-15 1.51424e-12 1.07661e-09
1.9116 -5.0884 7.9116 2.1657e-16 3.66494e-12 2.65882e-09
1.912 -5.088 7.912 1.90459e-15 5.68971e-12 4.18004e-09
1.9124 -5.0876 7.9124 2.20401e-16 7.60544e-12 5.66374e-09
1.9128 -5.0872 7.9128 1.37524e-15 9.44355e-12 7.13338e-09
1.9132 -5.0868 7.9132 6.07108e-16 2.9047e-12 2.21423e-09
1.9136 -5.0864 7.9136 8.81824e-16 9.30634e-13 7.02381e-10
1.914 -5.086 7.914 2.29578e-15 9.70203e-13 7.49348e-10
1.9144 -5.0856 7.9144 4.92916e-16 2.7672e-12 2.22261e-09
1.9148 -5.0852 7.9148 1.79265e-15 4.4979e-12 3.62445e-09
1.9152 -5.0848 7.9152 1.12662e-16 6.15369e-12 5.03653e-09
1.9156 -5.0844 7.9156 1.33267e-15 7.7076e-12 6.42409e-09
1.916 -5.084 7.916 1.92623e-16 2.76661e-12 2.31755e-09
1.9164 -5.0836 7.9164 9.53609e-16 1.09082e-12 9.08663e-10
1.9168 -5.0832 7.9168 4.60676e-16 5.41516e-13 4.87858e-10
1.9172 -5.0828 7.9172 6.0509e-16 2.08056e-12 1.83726e-09
1.9176 -5.0824 7.9176 1.59698e-15 3.54027e-12 3.163e-09
1.918 -5.082 7.918 3.12025e-16 4.91255e-12 4.48852e-09
1.9184 -5.0816 7.9184 1.23368e-15 6.25183e-12 5.72088e-09
1.9188 -5.0812 7.9188 6.51543e-17 2.6141e-12 2.42972e-09
1.9192 -5.0808 7.9192 9.1708e-16 1.15751e-12 1.08052e-09
1.9196 -5.0804 7.9196 1.58666e-16 2.02009e-13 1.87663e-10
1.92 -5.08 7.92 6.44527e-16 1.5074e-12 1.45648e-09
1.9204 -5.0796 7.9204 3.43278e-16 2.74747e-12 2.69119e-09
1.9208 -5.0792 7.9208 4.06658e-16 3.91319e-12 3.91524e-09
1.9212 -5.0788 7.9212 1.0964e-15 5.02549e-12 5.15209e-09
1.9216 -5.0784 7.9216 2.00208e-16 2.40605e-12 2.48059e-09
1.922 -5.078 7.922 8.49065e-16 1.19242e-12 1.26421e-09
1.9224 -5.0776 7.9224 2.57371e-17 3.70123e-14 5.19877e-11
1.9228 -5.0772 7.9228 6.23452e-16 1.05307e-12 1.15043e-09
1.9232 -5.0768 7.9232 1.22515e-16 2.09778e-12 2.30829e-09
1.9236 -5.0764 7.9236 4.31322e-16 3.07255e-12 3.44504e-09
1.924 -5.076 7.924 2.4666e-16 4.00713e-12 4.55504e-09
1.9244 -5.0756 7.9244 2.65994e-16 2.17716e-12 2.51645e-09
1.9248 -5.0752 7.9248 7.468e-16 1.16109e-12 1.3605e-09
1.9252 -5.0748 7.9252 1.29031e-16 2.01692e-13 2.48262e-10
1.9256 -5.0744 7.9256 5.66765e-16 7.15265e-13 8.72828e-10
1.926 -5.074 7.926 8.23303e-18 1.57029e-12 1.93891e-09
1.9264 -5.0736 7.9264 4.16267e-16 2.39492e-12 3.00254e-09
1.9268 -5.0732 7.9268 9.5717e-17 3.17167e-12 4.02897e-09
1.9272 -5.0728 7.9272 2.86925e-16 3.89036e-12 5.04165e-09
1.9276 -5.0724 7.9276 6.31386e-16 1.10838e-12 1.47386e-09
1.928 -5.072 7.928 1.72673e-16 3.10972e-13 4.18327e-10
1.9284 -5.0716 7.9284 4.93249e-16 4.50362e-13 6.06509e-10
1.9288 -5.0712 7.9288 7.67431e-17 1.1608e-12 1.6241e-09
1.9292 -5.0708 7.9292 3.76655e-16 1.83854e-12 2.59968e-09
1.9296 -5.0704 7.9296 1.34812e-18 2.47746e-12 3.55672e-09
1.93 -5.07 7.93 2.7296e-16 3.075e-12 4.48956e-09
1.9304 -5.0696 7.9304 6.73855e-17 1.02952e-12 1.53416e-09
1.9308 -5.0692 7.9308 1.82612e-16 3.68671e-13 5.50247e-10
1.9312 -5.0688 7.9312 4.15347e-16 2.52202e-13 3.92514e-10
1.9316 -5.0684 7.9316 1.08526e-16 8.39616e-13 1.31758e-09
1.932 -5.068 7.932 3.20536e-16 1.40108e-12 2.2193e-09
1.9324 -5.0676 7.9324 4.74838e-17 1.91617e-12 3.09202e-09
1.9328 -5.0672 7.9328 2.42437e-16 2.40707e-12 3.95921e-09
1.9332 -5.0668 7.9332 6.37683e-18 9.34358e-13 1.55854e-09
1.9336 -5.0664 7.9336 1.7402e-16 3.99397e-13 6.90291e-10
1.934 -5.066 7.934 4.92618e-17 1.16017e-13 2.13676e-10
1.9344 -5.0656 7.9344 1.1527e-16 5.93509e-13 1.0604e-09
1.9348 -5.0652 7.9348 2.65803e-16 1.04774e-12 1.87332e-09
1.9352 -5.0648 7.9352 6.77934e-17 1.46909e-12 2.70502e-09
1.9356 -5.0644 7.9356 2.03964e-16 1.8658e-12 3.49161e-09
1.936 -5.064 7.936 2.65117e-17 8.34483e-13 1.5933e-09
1.9364 -5.0636 7.9364 1.53221e-16 3.933e-13 7.68316e-10
1.9368 -5.0632 7.9368 7.09493e-18 1.5341e-14 2.37241e-11
1.9372 -5.0628 7.9372 1.08933e-16 4.09518e-13 8.35382e-10
1.9376 -5.0624 7.9376 3.42775e-17 7.69513e-13 1.58825e-09
1.938 -5.062 7.938 7.09598e-17 1.11196e-12 2.33488e-09
1.9384 -5.0616 7.9384 1.6606e-16 1.42897e-12 3.05507e-09
1.9388 -5.0612 7.9388 4.0336e-17 7.31701e-13 1.59738e-09
1.9392 -5.0608 7.9392 1.2653e-16 3.76368e-13 8.30593e-10
1.9396 -5.0604 7.9396 1.46243e-17 4.41106e-14 1.07197e-10
1.94 -5.06 7.94 9.32975e-17 2.68278e-13 6.10816e-10
1.9404 -5.0596 7.9404 6.63604e-18 5.58545e-13 1.3178e-09
1.9408 -5.0592 7.9408 6.60573e-17 8.29197e-13 1.99354e-09
1.9412 -5.0588 7.9412 2.27176e-17 1.07995e-12 2.66151e-09
1.9416 -5.0584 7.9416 4.26783e-17 6.28945e-13 1.5734e-09
1.942 -5.058 7.942 1.01056e-16 3.46932e-13 8.79737e-10
1.9424 -5.0576 7.9424 2.32003e-17 8.19113e-14 2.10808e-10
1.9428 -5.0572 7.9428 7.66322e-17 1.64535e-13 4.42292e-10
1.9432 -5.0568 7.9432 7.50479e-18 3.96529e-13 1.07391e-09
1.9436 -5.0564 7.9436 5.57943e-17 6.09271e-13 1.69295e-09
1.944 -5.056 7.944 4.96943e-18 8.06374e-13 2.29377e-09
1.9444 -5.0556 7.9444 3.8545e-17 9.90573e-13 2.88525e-09
1.9448 -5.0552 7.9448 7.77364e-17 3.07519e-13 9.18364e-10
1.9452 -5.0548 7.9452 2.4446e-17 1.0034e-13 3.04274e-10
1.9456 -5.0544 7.9456 5.96135e-17 9.44905e-14 2.98091e-10
1.946 -5.054 7.946 1.323e-17 2.73842e-13 8.68528e-10
1.9464 -5.0536 7.9464 4.48578e-17 4.38763e-13 1.43049e-09
1.9468 -5.0532 7.9468 3.77031e-18 5.92309e-13 1.96378e-09
1.9472 -5.0528 7.9472 3.21976e-17 7.33815e-13 2.49184e-09
1.9476 -5.0524 7.9476 3.70432e-18 2.65933e-13 9.19984e-10
1.948 -5.052 7.948 2.20969e-17 1.05179e-13 3.75659e-10
1.9484 -5.0516 7.9484 4.45827e-17 4.5492e-14 1.61044e-10
1.9488 -5.0512 7.9488 1.37478e-17 1.84389e-13 6.84476e-10
1.9492 -5.0508 7.9492 3.40594e-17 3.11267e-13 1.18899e-09
1.9496 -5.0504 7.9496 7.10028e-18 4.28725e-13 1.66893e-09
1.95 -5.05 7.95 2.50983e-17 5.36499e-13 2.14775e-09
1.9504 -5.0496 7.9504 1.68584e-18 2.24224e-13 9.16317e-10
1.9508 -5.0492 7.9508 1.78769e-17 1.00178e-13 4.20303e-10
1.9512 -5.0488 7.9512 2.45827e-18 1.3826e-14 5.76415e-11
1.9516 -5.0484 7.9516 1.2014e-17 1.19251e-13 5.26419e-10
1.952 -5.048 7.952 2.46784e-17 2.15529e-13 9.73104e-10
1.9524 -5.0476 7.9524 7.3018e-18 3.04141e-13 1.41387e-09
1.9528 -5.0472 7.9528 1.86066e-17 3.84709e-13 1.82852e-09
1.9532 -5.0468 7.9532 3.63435e-18 1.83956e-13 8.95426e-10
1.9536 -5.0464 7.9536 1.35361e-17 9.0721e-14 4.55373e-10
1.954 -5.046 7.954 6.54964e-19 4.44746e-15 2.20087e-11
1.9544 -5.0456 7.9544 9.5342e-18 7.42168e-14 3.91741e-10
1.9548 -5.0452 7.9548 1.54218e-18 1.46362e-13 7.87502e-10
1.9552 -5.0448 7.9552 6.28627e-18 2.11813e-13 1.17418e-09
1.9556 -5.0444 7.9556 1.30353e-17 2.70574e-13 1.54611e-09
1.956 -5.044 7.956 3.71991e-18 1.47354e-13 8.67203e-10
1.9564 -5.0436 7.9564 9.67911e-18 7.80419e-14 4.68932e-10
1.9568 -5.0432 7.9568 1.72231e-18 1.45411e-14 8.77976e-11
1.9572 -5.0428 7.9572 6.98005e-18 4.32375e-14 2.77827e-10
1.9576 -5.0424 7.9576 2.20042e-19 9.61514e-14 6.29566e-10
1.958 -5.042 7.958 4.82795e-18 1.43733e-13 9.69047e-10
1.9584 -5.0416 7.9584 8.99757e-19 1.86541e-13 1.2979e-09
1.9588 -5.0412 7.9588 3.1191e-18 1.14769e-13 8.1971e-10
1.9592 -5.0408 7.9592 6.52949e-18 6.39636e-14 4.70872e-10
1.9596 -5.0404 7.9596 1.79117e-18 1.80861e-14 1.35065e-10
1.96 -5.04 7.96 4.7825e-18 2.35531e-14 1.82061e-10
1.9604 -5.0396 7.9604 7.94255e-19 6.11436e-14 4.89405e-10
1.9608 -5.0392 7.9608 3.38614e-18 9.49661e-14 7.88596e-10
1.9612 -5.0388 7.9612 5.02679e-20 1.25099e-13 1.07034e-09
1.9616 -5.0384 7.9616 2.29504e-18 1.52016e-13 1.34355e-09
1.962 -5.038 7.962 4.18031e-18 5.08533e-14 4.63807e-10
1.9624 -5.0376 7.9624 1.45859e-18 1.81421e-14 1.70063e-10
1.9628 -5.0372 7.9628 3.07208e-18 1.1176e-14 1.09103e-10
1.9632 -5.0368 7.9632 8.13021e-19 3.74206e-14 3.75318e-10
1.9636 -5.0364 7.9636 2.21381e-18 6.07869e-14 6.30206e-10
1.964 -5.036 7.964 3.37252e-19 8.17385e-14 8.75394e-10
1.9644 -5.0356 7.9644 1.53902e-18 1.00072e-13 1.10887e-09
1.9648 -5.0352 7.9648 2.63305e-21 3.85612e-14 4.43076e-10
1.9652 -5.0348 7.9652 1.02035e-18 1.60863e-14 1.91769e-10
1.9656 -5.0344 7.9656 2.39095e-19 3.94066e-15 4.90642e-11
1.966 -5.034 7.966 6.26046e-19 2.18919e-14 2.77412e-10
1.9664 -5.0336 7.9664 1.34426e-18 3.76105e-14 4.94901e-10
1.9668 -5.0332 7.9668 3.39883e-19 5.1491e-14 7.03155e-10
1.9672 -5.0328 7.9672 9.46809e-19 6.35635e-14 9.00163e-10
1.9676 -5.0324 7.9676 1.32409e-19 2.81157e-14 4.14935e-10
1.968 -5.032 7.968 6.41316e-19 1.30388e-14 1.99162e-10
1.9684 -5.0316 7.9684 1.38573e-20 2.39703e-16 2.96551e-12
1.9688 -5.0312 7.9688 4.14167e-19 1.20236e-14 1.98531e-10
1.9692 -5.0308 7.9692 7.59711e-19 2.23276e-14 3.81884e-10
1.9696 -5.0304 7.9696 2.47129e-19 3.12562e-14 5.56469e-10
1.97 -5.03 7.97 5.34587e-19 3.89418e-14 7.20274e-10
1.9704 -5.0296 7.9704 1.29018e-19 1.95733e-14 3.76539e-10
1.9708 -5.0292 7.9708 3.66265e-19 9.82726e-15 1.96675e-10
1.9712 -5.0288 7.9712 4.53131e-20 1.27986e-15 2.6351e-11
1.9716 -5.0284 7.9716 2.41663e-19 6.19577e-15 1.34239e-10
1.972 -5.028 7.972 9.70591e-21 1.25996e-14 2.86721e-10
1.9724 -5.0276 7.9724 1.51829e-19 1.81211e-14 4.30901e-10
1.9728 -5.0272 7.9728 2.77369e-19 2.27649e-14 5.64768e-10
1.9732 -5.0268 7.9732 8.7613e-20 1.29063e-14 3.35963e-10
1.9736 -5.0264 7.9736 1.89517e-19 6.88058e-15 1.86923e-10
1.974 -5.026 7.974 4.3158e-20 1.64342e-15 4.69574e-11
1.9744 -5.0256 7.9744 1.25531e-19 2.88108e-15 8.55595e-11
1.9748 -5.0252 7.9748 1.38677e-20 6.69883e-15 2.08616e-10
1.9752 -5.0248 7.9752 8.01609e-20 9.91632e-15 3.24746e-10
1.9756 -5.0244 7.9756 4.80132e-21 1.2595e-14 4.33758e-10
1.976 -5.024 7.976 4.82e-20 8.02602e-15 2.90363e-10
1.9764 -5.0236 7.9764 8.77983e-20 4.45278e-15 1.69793e-10
1.9768 -5.0232 7.9768 2.64376e-20 1.41752e-15 5.69216e-11
1.9772 -5.0228 7.9772 5.77967e-20 1.15964e-15 4.89676e-11
1.9776 -5.0224 7.9776 1.22779e-20 3.30958e-15 1.46772e-10
1.978 -5.022 7.978 3.66998e-20 5.07364e-15 2.38117e-10
1.9784 -5.0216 7.9784 3.36389e-21 6.49658e-15 3.2281e-10
1.9788 -5.0212 7.9788 2.23467e-20 7.62247e-15 3.99747e-10
1.9792 -5.0208 7.9792 3.58297e-20 2.65723e-15 1.47901e-10
1.9796 -5.0204 7.9796 1.27529e-20 9.99431e-16 5.88589e-11
1.98 -5.02 7.98 2.30522e-20 3.68017e-16 2.27576e-11
1.9804 -5.0196 7.9804 6.61355e-21 1.48385e-15 9.85745e-11
1.9808 -5.0192 7.9808 1.43822e-20 2.37525e-15 1.67944e-10
1.9812 -5.0188 7.9812 2.84882e-21 3.07495e-15 2.31582e-10
1.9816 -5.0184 7.9816 8.62889e-21 3.59965e-15 2.8884e-10
1.982 -5.018 7.982 6.58695e-22 1.42554e-15 1.22497e-10
1.9824 -5.0176 7.9824 4.93147e-21 6.02519e-16 5.53846e-11
1.9828 -5.0172 7.9828 4.66983e-22 6.15728e-17 6.13303e-12
1.9832 -5.0168 7.9832 2.62551e-21 5.87665e-16 6.18626e-11
1.9836 -5.0164 7.9836 4.65503e-21 9.93179e-16 1.1252e-10
1.984 -5.016 7.984 1.25257e-21 1.2968e-15 1.58368e-10
1.9844 -5.0156 7.9844 2.69158e-21 1.50973e-15 1.98757e-10
1.9848 -5.0152 7.9848 4.82674e-22 6.72152e-16 9.5742e-11
1.9852 -5.0148 7.9852 1.48614e-21 3.05833e-16 4.70674e-11
1.9856 -5.0144 7.9856 8.85021e-23 1.99979e-17 3.29387e-12
1.986 -5.014 7.986 7.73482e-22 1.96869e-16 3.58401e-11
1.9864 -5.0136 7.9864 1.16874e-21 3.55702e-16 7.0596e-11
1.9868 -5.0132 7.9868 3.70151e-22 4.65817e-16 1.01235e-10
1.9872 -5.0128 7.9872 6.32297e-22 5.36377e-16 1.27792e-10
1.9876 -5.0124 7.9876 1.56564e-22 2.64427e-16 6.93419e-11
1.988 -5.012 7.988 3.24924e-22 1.25407e-16 3.62954e-11
1.9884 -5.0116 7.9884 5.16359e-23 2.21487e-17 7.11521e-12
1.9888 -5.0112 7.9888 1.56743e-22 5.17121e-17 1.83465e-11
1.9892 -5.0108 7.9892 6.5701e-24 1.01509e-16 4.03512e-11
1.9896 -5.0104 7.9896 6.998e-23 1.32495e-16 5.89331e-11
1.99 -5.01 7.99 9.86871e-23 1.48757e-16 7.43537e-11
1.9904 -5.0096 7.9904 2.80902e-23 7.94927e-17 4.49454e-11
1.9908 -5.0092 7.9908 4.44088e-23 3.80269e-17 2.44332e-11
1.9912 -5.0088 7.9912 9.63178e-24 9.41436e-18 6.92307e-12
1.9916 -5.0084 7.9916 1.84275e-23 9.18226e-18 7.73282e-12
1.992 -5.008 7.992 2.44642e-24 2.02626e-17 1.9796e-11
1.9924 -5.0076 7.9924 6.91393e-24 2.57642e-17 2.93574e-11
1.9928 -5.0072 7.9928 1.72856e-25 2.73618e-17 3.66502e-11
1.9932 -5.0068 7.9932 2.28269e-24 1.52453e-17 2.42299e-11
1.9936 -5.0064 7.9936 2.74391e-24 6.98089e-18 1.33003e-11
1.994 -5.006 7.994 6.34617e-25 1.95948e-18 4.53692e-12
1.9944 -5.0056 7.9944 8.25145e-25 8.08002e-19 2.29331e-12
1.9948 -5.0052 7.9948 1.3668e-25 2.07024e-18 7.36664e-12
1.9952 -5.0048 7.9952 2.06123e-25 2.40271e-18 1.08664e-11
1.9956 -5.0044 7.9956 1.88121e-26 2.21189e-18 1.29831e-11
1.996 -5.004 7.996 3.99424e-26 1.78112e-18 1.39142e-11
1.9964 -5.0036 7.9964 3.06109e-26 4.37293e-19 4.68776e-12
1.9968 -5.0032 7.9968 5.35921e-27 1.09076e-19 1.66254e-12
1.9972 -5.0028 7.9972 3.63898e-27 1.2625e-20 2.86664e-13
1.9976 -5.0024 7.9976 4.02584e-28 3.75423e-20 1.3583e-12
1.998 -5.002 7.998 2.15373e-28 2.783e-20 1.73928e-12
1.9984 -5.0016 7.9984 1.04672e-29 1.32908e-20 1.62272e-12
1.9988 -5.0012 7.9988 3.09356e-30 4.14389e-21 1.19941e-12
1.9992 -5.0008 7.9992 2.04438e-32 2.6111e-22 2.54905e-13
1.9996 -5.0004 7.9996 3.91755e-34 4.07984e-24 3.18631e-14
2 -5 8 0 0 0
2.0004 -4.9996 8.0004 1.01301e-33 4.07984e-24 1.96822e-13
2.0008 -4.9992 8.0008 1.59462e-31 2.6111e-22 2.54905e-13
2.0012 -4.9988 8.0012 1.5202e-30 2.97421e-21 1.19941e-12
2.0016 -4.9984 8.0016 1.04672e-29 1.6711e-20 2.03924e-12
2.002 -4.998 8.002 3.33871e-28 2.783e-20 1.73928e-12
2.0024 -4.9976 8.0024 7.78341e-28 3.75423e-20 6.88311e-12
2.0028 -4.9972 8.0028 4.14971e-28 1.2625e-20 2.86664e-13
2.0032 -4.9968 8.0032 5.35921e-27 1.09076e-19 1.63139e-11
2.0036 -4.9964 8.0036 2.99231e-26 4.37293e-19 4.68776e-12
2.004 -4.996 8.004 3.03608e-26 1.14876e-18 1.39142e-11
2.0044 -4.9956 8.0044 1.88121e-26 2.50693e-18 1.47139e-11
2.0048 -4.9952 8.0048 3.9851e-25 2.40271e-18 1.08664e-11
2.0052 -4.9948 8.0052 4.36854e-25 2.07024e-18 3.13153e-11
2.0056 -4.9944 8.0056 2.12465e-25 8.08002e-19 2.29331e-12
2.006 -4.994 8.006 6.34617e-25 1.95948e-18 5.60371e-11
2.0064 -4.9936 8.0064 3.29515e-24 6.98089e-18 1.33003e-11
2.0068 -4.9932 8.0068 2.62223e-24 1.52453e-17 4.19074e-11
2.0072 -4.9928 8.0072 1.72856e-25 2.79867e-17 3.75021e-11
2.0076 -4.9924 8.0076 1.69644e-23 2.57642e-17 2.93574e-11
2.008 -4.992 8.008 1.55448e-23 2.02626e-17 7.17788e-11
2.0084 -4.9916 8.0084 8.17157e-24 9.18226e-18 7.73282e-12
2.0088 -4.9912 8.0088 9.63178e-24 9.41436e-18 1.17711e-10
2.0092 -4.9908 8.0092 6.57097e-23 3.80269e-17 2.44332e-11
2.0096 -4.9904 8.0096 4.93029e-23 7.94927e-17 8.69313e-11
2.01 -4.99 8.01 8.53618e-24 1.37364e-16 6.86643e-11
2.0104 -4.9896 8.0104 2.23669e-22 1.32495e-16 5.89331e-11
2.0108 -4.9892 8.0108 1.91953e-22 1.01509e-16 1.26541e-10
2.0112 -4.9888 8.0112 1.08782e-22 5.17121e-17 1.83465e-11
2.0116 -4.9884 8.0116 5.16359e-23 2.21487e-17 1.99587e-10
2.012 -4.988 8.012 5.97796e-22 1.25407e-16 3.62954e-11
2.0124 -4.9876 8.0124 4.43142e-22 2.64427e-16 1.50642e-10
2.0128 -4.9872 8.0128 1.41116e-22 4.46777e-16 1.06403e-10
2.0132 -4.9868 8.0132 3.70151e-22 6.80835e-16 1.01235e-10
2.0136 -4.9864 8.0136 1.34258e-21 3.55702e-16 1.9384e-10
2.014 -4.986 8.014 8.11396e-22 1.96869e-16 3.58401e-11
2.0144 -4.9856 8.0144 8.85021e-23 1.99979e-17 3.00017e-10
2.0148 -4.9852 8.0148 3.45378e-21 3.05833e-16 4.70674e-11
2.0152 -4.9848 8.0152 2.57128e-21 6.72152e-16 2.34859e-10
2.0156 -4.9844 8.0156 1.07044e-21 1.13312e-15 1.49352e-10
2.016 -4.984 8.016 1.25257e-21 1.70427e-15 1.58368e-10
2.0164 -4.9836 8.0164 6.57477e-21 9.93179e-16 2.72196e-10
2.0168 -4.9832 8.0168 4.18384e-21 5.87665e-16 6.18626e-11
2.0172 -4.9828 8.0172 4.66983e-22 6.15728e-17 4.17237e-10
2.0176 -4.9824 8.0176 1.48282e-20 6.02519e-16 5.53846e-11
2.018 -4.982 8.018 1.11601e-20 1.42554e-15 3.41345e-10
2.0184 -4.9816 8.0184 5.45303e-21 2.43372e-15 1.95466e-10
2.0188 -4.9812 8.0188 2.84882e-21 3.64536e-15 2.31582e-10
2.0192 -4.9808 8.0192 2.52431e-20 2.37525e-15 3.59563e-10
2.0196 -4.9804 8.0196 1.67593e-20 1.48385e-15 9.85745e-11
2.02 -4.98 8.02 4.37053e-21 3.68017e-16 5.49315e-10
2.0204 -4.9796 8.0204 1.27529e-20 9.99431e-16 5.88589e-11
2.0208 -4.9792 8.0208 3.93444e-20 2.65723e-15 4.71465e-10
2.0212 -4.9788 8.0212 2.14343e-20 4.62468e-15 2.42356e-10
2.0216 -4.9784 8.0216 3.36389e-21 6.95099e-15 3.2281e-10
2.022 -4.978 8.022 8.10377e-20 5.07364e-15 4.54008e-10
2.0224 -4.9776 8.0224 5.56965e-20 3.30958e-15 1.46772e-10
2.0228 -4.9772 8.0228 2.05538e-20 1.15964e-15 6.94999e-10
2.0232 -4.9768 8.0232 2.64376e-20 1.41752e-15 5.69216e-11
2.0236 -4.9764 8.0236 1.18666e-19 4.45278e-15 6.26924e-10
2.024 -4.976 8.024 6.99611e-20 8.02602e-15 2.90363e-10
2.0244 -4.9756 8.0244 4.80132e-21 1.21491e-14 4.33758e-10
2.0248 -4.9752 8.0248 2.26889e-19 9.91632e-15 5.54735e-10
2.0252 -4.9748 8.0252 1.60621e-19 6.69883e-15 2.08616e-10
2.0256 -4.9744 8.0256 7.22516e-20 2.88108e-15 8.5122e-10
2.026 -4.974 8.026 4.3158e-20 1.64342e-15 4.69574e-11
2.0264 -4.9736 8.0264 3.16585e-19 6.88058e-15 8.09883e-10
2.0268 -4.9732 8.0268 1.97837e-19 1.29063e-14 3.35963e-10
2.0272 -4.9728 8.0272 4.45036e-20 1.98399e-14 5.64768e-10
2.0276 -4.9724 8.0276 5.7069e-19 2.77033e-14 6.58673e-10
2.028 -4.972 8.028 4.15435e-19 1.25996e-14 2.86721e-10
2.0284 -4.9716 8.0284 2.12347e-19 6.19577e-15 1.019e-09
2.0288 -4.9712 8.0288 4.53131e-20 1.27986e-15 2.63509e-11
2.0292 -4.9708 8.0292 7.67065e-19 9.82726e-15 1.02205e-09
2.0296 -4.9704 8.0296 5.04562e-19 1.95733e-14 3.76539e-10
2.03 -4.97 8.03 1.6845e-19 3.06137e-14 7.20274e-10
2.0304 -4.9696 8.0304 1.31649e-18 4.30177e-14 7.65936e-10
2.0308 -4.9692 8.0308 9.784e-19 2.23276e-14 3.81884e-10
2.0312 -4.9688 8.0312 5.48063e-19 1.20236e-14 1.19482e-09
2.0316 -4.9684 8.0316 1.38573e-20 2.39703e-16 2.96551e-12
2.032 -4.968 8.032 1.71682e-18 1.30388e-14 1.26694e-09
2.0324 -4.9676 8.0324 1.17202e-18 2.81157e-14 4.14935e-10
2.0328 -4.9672 8.0328 4.93147e-19 4.50163e-14 9.00163e-10
2.0332 -4.9668 8.0332 3.39883e-19 6.38612e-14 8.7209e-10
2.0336 -4.9664 8.0336 2.14213e-18 3.76105e-14 4.94901e-10
2.034 -4.966 8.034 1.28486e-18 2.18919e-14 1.37423e-09
2.0344 -4.9656 8.0344 2.39095e-19 3.94066e-15 4.90642e-11
2.0348 -4.9652 8.0348 3.59428e-18 1.60863e-14 1.53991e-09
2.0352 -4.9648 8.0352 2.53018e-18 3.85612e-14 4.43076e-10
2.0356 -4.9644 8.0356 1.23247e-18 6.3575e-14 1.10887e-09
2.036 -4.964 8.036 3.37252e-19 9.12343e-14 9.79976e-10
2.0364 -4.9636 8.0364 4.39982e-18 6.07869e-14 6.30206e-10
2.0368 -4.9632 8.0368 2.79195e-18 3.74206e-14 1.56372e-09
2.0372 -4.9628 8.0372 8.58154e-19 1.1176e-14 1.09103e-10
2.0376 -4.9624 8.0376 1.45859e-18 1.81421e-14 1.85265e-09
2.038 -4.962 8.038 5.14383e-18 5.08533e-14 4.63807e-10
2.0384 -4.9616 8.0384 2.77361e-18 8.66822e-14 1.34355e-09
2.0388 -4.9612 8.0388 5.02678e-20 1.26478e-13 1.08334e-09
2.0392 -4.9608 8.0392 8.58074e-18 9.49661e-14 7.88596e-10
2.0396 -4.9604 8.0396 5.68385e-18 6.11436e-14 1.75159e-09
2.04 -4.96 8.04 2.23771e-18 2.35531e-14 1.82061e-10
2.0404 -4.9596 8.0404 1.79117e-18 1.80861e-14 2.47065e-09
2.0408 -4.9592 8.0408 9.95038e-18 6.39636e-14 4.70872e-10
2.0412 -4.9588 8.0412 5.79846e-18 1.14769e-13 1.61046e-09
2.0416 -4.9584 8.0416 8.99757e-19 1.70063e-13 1.18321e-09
2.042 -4.958 8.042 1.59616e-17 1.43733e-13 9.69047e-10
2.0424 -4.9576 8.0424 1.09743e-17 9.61514e-14 1.93885e-09
2.0428 -4.9572 8.0428 5.1088e-18 4.32375e-14 2.77827e-10
2.0432 -4.9568 8.0432 1.72231e-18 1.45411e-14 2.75807e-09
2.0436 -4.9564 8.0436 1.83475e-17 7.80419e-14 4.68932e-10
2.044 -4.956 8.044 1.13505e-17 1.47354e-13 1.90494e-09
2.0444 -4.9556 8.0444 3.17355e-18 2.22365e-13 1.26968e-09
2.0448 -4.9552 8.0448 2.85166e-17 2.11813e-13 1.17418e-09
2.0452 -4.9548 8.0452 2.01905e-17 1.46362e-13 2.13016e-09
2.0456 -4.9544 8.0456 1.05235e-17 7.42168e-14 3.91741e-10
2.046 -4.954 8.046 6.54964e-19 4.44746e-15 3.04881e-09
2.0464 -4.9536 8.0464 3.25425e-17 9.0721e-14 4.55373e-10
2.0468 -4.9532 8.0468 2.10855e-17 1.83956e-13 2.23324e-09
2.0472 -4.9528 8.0472 7.8479e-18 2.84978e-13 1.35835e-09
2.0476 -4.9524 8.0476 4.91851e-17 3.04141e-13 1.41387e-09
2.048 -4.952 8.048 3.58201e-17 2.15529e-13 2.3229e-09
2.0484 -4.9516 8.0484 2.02952e-17 1.19251e-13 5.26419e-10
2.0488 -4.9512 8.0488 2.45827e-18 1.3826e-14 3.34751e-09
2.0492 -4.9508 8.0492 5.57404e-17 1.00178e-13 4.20303e-10
2.0496 -4.9504 8.0496 3.75623e-17 2.24224e-13 2.59797e-09
2.05 -4.95 8.05 1.6752e-17 3.57008e-13 1.43202e-09
2.0504 -4.9496 8.0504 7.10028e-18 5.02086e-13 1.66893e-09
2.0508 -4.9492 8.0508 6.11336e-17 3.11267e-13 2.5072e-09
2.0512 -4.9488 8.0512 3.69928e-17 1.84389e-13 6.84476e-10
2.0516 -4.9484 8.0516 9.41057e-18 4.5492e-14 3.65156e-09
2.052 -4.948 8.052 9.26117e-17 1.05179e-13 3.75659e-10
2.0524 -4.9476 8.0524 6.46365e-17 2.65933e-13 3.00903e-09
2.0528 -4.9472 8.0528 3.26377e-17 4.40357e-13 1.49538e-09
2.0532 -4.9468 8.0532 3.77031e-18 6.26272e-13 1.96378e-09
2.0536 -4.9464 8.0536 1.01293e-16 4.38763e-13 2.6877e-09
2.054 -4.946 8.054 6.43989e-17 2.73842e-13 8.68528e-10
2.0544 -4.9456 8.0544 2.27858e-17 9.44905e-14 3.93652e-09
2.0548 -4.9452 8.0548 2.4446e-17 1.0034e-13 3.04274e-10
2.0552 -4.9448 8.0552 1.07445e-16 3.07519e-13 3.44721e-09
2.0556 -4.9444 8.0556 5.94669e-17 5.29989e-13 1.53853e-09
2.056 -4.944 8.056 4.96943e-18 7.67478e-13 2.29377e-09
2.0564 -4.9436 8.0564 1.63648e-16 6.09271e-13 2.84724e-09
2.0568 -4.9432 8.0568 1.08722e-16 3.96529e-13 1.07391e-09
2.0572 -4.9428 8.0572 4.65332e-17 1.64535e-13 4.24342e-09
2.0576 -4.9424 8.0576 2.32003e-17 8.19113e-14 2.10808e-10
2.058 -4.942 8.058 1.73897e-16 3.46932e-13 3.92239e-09
2.0584 -4.9416 8.0584 1.03039e-16 6.28945e-13 1.5734e-09
2.0588 -4.9412 8.0588 2.27176e-17 9.30889e-13 2.66151e-09
2.0592 -4.9408 8.0592 2.58336e-16 8.29197e-13 3.01231e-09
2.0596 -4.9404 8.0596 1.77506e-16 5.58545e-13 1.3178e-09
2.06 -4.94 8.06 8.62464e-17 2.68278e-13 4.52601e-09
2.0604 -4.9396 8.0604 1.46243e-17 4.41106e-14 1.07197e-10
2.0608 -4.9392 8.0608 2.73324e-16 3.76368e-13 4.45175e-09
2.0612 -4.9388 8.0612 1.713e-16 7.31701e-13 1.59738e-09
2.0616 -4.9384 8.0616 5.59843e-17 1.10767e-12 3.05507e-09
2.062 -4.938 8.062 3.97416e-16 1.50995e-12 3.16575e-09
2.0624 -4.9376 8.0624 2.80608e-16 7.69513e-13 1.58825e-09
2.0628 -4.9372 8.0628 1.51275e-16 4.09518e-13 4.81076e-09
2.0632 -4.9368 8.0632 7.09493e-18 1.5341e-14 2.37241e-11
2.0636 -4.9364 8.0636 4.22707e-16 3.933e-13 5.02335e-09
2.064 -4.936 8.064 2.7533e-16 8.34483e-13 1.5933e-09
2.0644 -4.9356 8.0644 1.13491e-16 1.30322e-12 3.49161e-09
2.0648 -4.9352 8.0648 6.00075e-16 1.7994e-12 3.31948e-09
2.0652 -4.9348 8.0652 4.35026e-16 1.04774e-12 1.87332e-09
2.0656 -4.9344 8.0656 2.52491e-16 5.93509e-13 5.10962e-09
2.066 -4.934 8.066 4.92618e-17 1.16017e-13 2.13676e-10
2.0664 -4.9336 8.0664 6.37831e-16 3.99397e-13 5.62524e-09
2.0668 -4.9332 8.0668 4.31384e-16 9.34358e-13 1.55854e-09
2.0672 -4.9328 8.0672 2.03387e-16 1.51512e-12 3.95921e-09
2.0676 -4.9324 8.0676 4.74838e-17 2.11971e-12 3.42723e-09
2.068 -4.932 8.068 6.57848e-16 1.40108e-12 2.2193e-09
2.0684 -4.9316 8.0684 4.04952e-16 8.39616e-13 5.3763e-09
2.0688 -4.9312 8.0688 1.22417e-16 2.52202e-13 3.92514e-10
2.0692 -4.9308 8.0692 9.44958e-16 3.68671e-13 6.28915e-09
2.0696 -4.9304 8.0696 6.60661e-16 1.02952e-12 1.53416e-09
2.07 -4.93 8.07 3.48071e-16 1.72827e-12 4.48956e-09
2.0704 -4.9296 8.0704 1.34812e-18 2.46792e-12 3.54461e-09
2.0708 -4.9292 8.0708 9.79898e-16 1.83854e-12 2.59968e-09
2.0712 -4.9288 8.0712 6.31024e-16 1.1608e-12 5.65186e-09
2.0716 -4.9284 8.0716 2.45743e-16 4.50362e-13 6.06509e-10
2.072 -4.928 8.072 1.72673e-16 3.10972e-13 7.8398e-09
2.0724 -4.9276 8.0724 9.88845e-16 1.10838e-12 1.47386e-09
2.0728 -4.9272 8.0728 5.5962e-16 1.9503e-12 5.04165e-09
2.0732 -4.9268 8.0732 9.5717e-17 2.85373e-12 3.62534e-09
2.0736 -4.9264 8.0736 1.42948e-15 2.39492e-12 3.00254e-09
2.074 -4.926 8.074 9.56273e-16 1.57029e-12 5.89002e-09
2.0744 -4.9256 8.0744 4.39375e-16 7.15265e-13 8.72828e-10
2.0748 -4.9252 8.0748 1.29031e-16 2.01692e-13 8.25182e-09
2.0752 -4.9248 8.0752 1.45283e-15 1.16109e-12 1.3605e-09
2.0756 -4.9244 8.0756 8.78924e-16 2.17716e-12 5.66173e-09
2.076 -4.924 8.076 2.4666e-16 3.25461e-12 3.71045e-09
2.0764 -4.9236 8.0764 2.05974e-15 3.07255e-12 3.44504e-09
2.0768 -4.9232 8.0768 1.42009e-15 2.09778e-12 6.13182e-09
2.0772 -4.9228 8.0772 7.29633e-16 1.05307e-12 1.15043e-09
2.0776 -4.9224 8.0776 2.57371e-17 3.70123e-14 8.66672e-09
2.078 -4.922 8.078 2.09303e-15 1.19242e-12 1.26421e-09
2.0784 -4.9216 8.0784 1.32635e-15 2.40605e-12 6.30877e-09
2.0788 -4.9212 8.0788 4.9955e-16 3.67156e-12 3.75368e-09
2.0792 -4.9208 8.0792 2.91013e-15 3.91319e-12 3.91524e-09
2.0796 -4.9204 8.0796 2.06412e-15 2.74747e-12 6.33099e-09
2.08 -4.92 8.08 1.14571e-15 1.5074e-12 1.45648e-09
2.0804 -4.9196 8.0804 1.58666e-16 2.02009e-13 9.06735e-09
2.0808 -4.9192 8.0808 2.9687e-15 1.15751e-12 1.08052e-09
2.0812 -4.9188 8.0812 1.961e-15 2.6141e-12 6.99993e-09
2.0816 -4.9184 8.0816 8.75748e-16 4.09367e-12 3.76697e-09
2.082 -4.918 8.082 4.07336e-15 4.91255e-12 4.48852e-09
2.0824 -4.9176 8.0824 2.96881e-15 3.54027e-12 6.55768e-09
2.0828 -4.9172 8.0828 1.75413e-15 2.08056e-12 1.83726e-09
2.0832 -4.9168 8.0832 4.60676e-16 5.41516e-13 9.46565e-09
2.0836 -4.9164 8.0836 4.16729e-15 1.09082e-12 9.08663e-10
2.084 -4.916 8.084 2.85716e-15 2.76661e-12 7.75238e-09
2.0844 -4.9156 8.0844 1.42901e-15 4.54216e-12 3.76225e-09
2.0848 -4.9152 8.0848 1.12662e-16 6.40871e-12 5.03653e-09
2.0852 -4.9148 8.0852 4.1748e-15 4.4979e-12 6.73651e-09
2.0856 -4.9144 8.0856 2.61571e-15 2.7672e-12 2.22261e-09
2.086 -4.914 8.086 9.23865e-16 9.70203e-13 9.84445e-09
2.0864 -4.9136 8.0864 5.77951e-15 9.30633e-13 7.02381e-10
2.0868 -4.9132 8.0868 4.0488e-15 2.9047e-12 8.55418e-09
2.0872 -4.9128 8.0872 2.20523e-15 4.99468e-12 3.75146e-09
2.0876 -4.9124 8.0876 2.20401e-16 7.14542e-12 5.66374e-09
2.088 -4.912 8.088 5.81146e-15 5.68971e-12 6.93762e-09
2.0884 -4.9116 8.0884 3.78023e-15 3.66494e-12 2.65882e-09
2.0888 -4.9112 8.0888 1.62486e-15 1.51424e-12 1.01575e-08
2.0892 -4.9108 8.0892 7.04449e-16 6.50403e-13 4.73607e-10
2.0896 -4.9104 8.0896 5.69097e-15 2.98541e-12 9.39341e-09
2.09 -4.91 8.09 3.33509e-15 5.40333e-12 3.68832e-09
2.0904 -4.9096 8.0904 7.89594e-16 7.91325e-12 6.30002e-09
2.0908 -4.9092 8.0908 7.96152e-15 7.11499e-12 7.05654e-09
2.0912 -4.9088 8.0912 5.38805e-15 4.74987e-12 3.13393e-09
2.0916 -4.9084 8.0916 2.61695e-15 2.26129e-12 1.05331e-08
2.092 -4.908 8.092 3.35342e-16 2.84637e-13 1.76069e-10
2.0924 -4.9076 8.0924 7.8438e-15 2.97181e-12 1.03163e-08
2.0928 -4.9072 8.0928 4.83791e-15 5.80614e-12 3.64299e-09
2.0932 -4.9068 8.0932 1.60352e-15 8.71485e-12 7.04983e-09
2.0936 -4.9064 8.0936 1.07958e-14 8.80415e-12 7.16341e-09
2.094 -4.906 8.094 7.53349e-15 6.0558e-12 3.63602e-09
2.0944 -4.9056 8.0944 4.01812e-15 3.19139e-12 1.08668e-08
2.0948 -4.9052 8.0948 2.51692e-16 2.07384e-13 1.20087e-10
2.0952 -4.9048 8.0952 1.07499e-14 2.87446e-12 1.1311e-08
2.0956 -4.9044 8.0956 6.93391e-15 6.12009e-12 3.51097e-09
2.096 -4.904 8.096 2.85228e-15 9.51195e-12 7.78483e-09
2.0964 -4.9036 8.0964 1.4504e-14 1.30051e-11 7.27016e-09
2.0968 -4.9032 8.0968 1.03912e-14 7.63207e-12 4.21135e-09
2.0972 -4.9028 8.0972 5.95664e-15 4.35492e-12 1.11705e-08
2.0976 -4.9024 8.0976 1.25864e-15 8.84865e-13 4.61132e-10
2.098 -4.902 8.098 1.44575e-14 2.67334e-12 1.23073e-08
2.0984 -4.9016 8.0984 9.66529e-15 6.41136e-12 3.36243e-09
2.0988 -4.9012 8.0988 4.59593e-15 1.02755e-11 8.6095e-09
2.0992 -4.9008 8.0992 8.63149e-16 1.43503e-11 7.33053e-09
2.0996 -4.9004 8.0996 1.41104e-14 9.50726e-12 4.78979e-09
2.1 -4.9 8.1 8.577e-15 5.68687e-12 1.14562e-08
